A=
     0.249      0.111 
     0.467      0.772 
     0.658      0.433 
     0.354      0.944 
     0.101      0.642 
    0.0286      0.248 
Q=
      0.27     -0.231 
     0.507        0.2 
     0.714     -0.454 
     0.384      0.556 
      0.11      0.578 
    0.0311      0.238 
R=
     0.921       1.17 
         0      0.888 
QTQ=
         1   2.48e-16 
  2.48e-16          1 
QR=
     0.249      0.111 
     0.467      0.772 
     0.658      0.433 
     0.354      0.944 
     0.101      0.642 
    0.0286      0.248 
A=
      0.32       0.99      0.682      0.655 
     0.283      0.615      0.704      0.702 
      0.95     0.0934      0.161      0.382 
     0.798      0.169      0.794      0.307 
Q=
     0.244      0.817     -0.265      -0.45 
     0.216      0.475      0.324      0.789 
     0.724     -0.287     -0.588      0.217 
     0.608     -0.154      0.692     -0.358 
R1=
      1.31      0.545      0.917      0.774 
         0       1.05      0.723      0.712 
         0          0      0.502     0.0421 
         0          0          0      0.232 
x=       6.8      -10.5       9.52        2.6 
Ax= -1.33e-15          4          8         12 
b=         0          4          8         12 
Part b)
AB=
         1          0  -2.22e-16  -2.22e-16 
         0          1   1.11e-16   2.22e-16 
 -2.22e-16          0          1          0 
         0  -2.22e-16   2.78e-16          1 
