0 6
3.14159265358979 18.5663706143592
6.28318530717959 31.1327412287183
9.42477796076938 43.6991118430775
12.5663706143592 56.2654824574367


0 6 6
0.0631475910269305 6.25259036410772 6.25259036410772
0.126295182053861 6.50518072821544 6.50518072821544
0.189442773080792 6.75777109232317 6.75777109232317
0.252590364107722 7.01036145643089 7.01036145643089
0.315737955134653 7.26295182053861 7.26295182053861
0.378885546161583 7.51554218464633 7.51554218464633
0.442033137188514 7.76813254875405 7.76813254875405
0.505180728215444 8.02072291286178 8.02072291286178
0.568328319242375 8.2733132769695 8.2733132769695
0.631475910269305 8.52590364107722 8.52590364107722
0.694623501296236 8.77849400518494 8.77849400518494
0.757771092323166 9.03108436929266 9.03108436929266
0.820918683350097 9.28367473340039 9.28367473340039
0.884066274377027 9.53626509750811 9.53626509750811
0.947213865403958 9.78885546161583 9.78885546161583
1.01036145643089 10.0414458257236 10.0414458257236
1.07350904745782 10.2940361898313 10.2940361898313
1.13665663848475 10.546626553939 10.546626553939
1.19980422951168 10.7992169180467 10.7992169180467
1.26295182053861 11.0518072821544 11.0518072821544
1.32609941156554 11.3043976462622 11.3043976462622
1.38924700259247 11.5569880103699 11.5569880103699
1.4523945936194 11.8095783744776 11.8095783744776
1.51554218464633 12.0621687385853 12.0621687385853
1.57868977567326 12.3147591026931 12.3147591026931
1.64183736670019 12.5673494668008 12.5673494668008
1.70498495772712 12.8199398309085 12.8199398309085
1.76813254875405 13.0725301950162 13.0725301950162
1.83128013978099 13.3251205591239 13.3251205591239
1.89442773080792 13.5777109232317 13.5777109232317
1.95757532183485 13.8303012873394 13.8303012873394
2.02072291286178 14.0828916514471 14.0828916514471
2.08387050388871 14.3354820155548 14.3354820155548
2.14701809491564 14.5880723796626 14.5880723796626
2.21016568594257 14.8406627437703 14.8406627437703
2.2733132769695 15.093253107878 15.093253107878
2.33646086799643 15.3458434719857 15.3458434719857
2.39960845902336 15.5984338360934 15.5984338360934
2.46275605005029 15.8510242002012 15.8510242002012
2.52590364107722 16.1036145643089 16.1036145643089
2.58905123210415 16.3562049284166 16.3562049284166
2.65219882313108 16.6087952925243 16.6087952925243
2.71534641415801 16.861385656632 16.861385656632
2.77849400518494 17.1139760207398 17.1139760207398
2.84164159621187 17.3665663848475 17.3665663848475
2.9047891872388 17.6191567489552 17.6191567489552
2.96793677826573 17.8717471130629 17.8717471130629
3.03108436929266 18.1243374771707 18.1243374771707
3.0942319603196 18.3769278412784 18.3769278412784
3.15737955134653 18.6295182053861 18.6295182053861
3.22052714237346 18.8821085694938 18.8821085694938
3.28367473340039 19.1346989336015 19.1346989336015
3.34682232442732 19.3872892977093 19.3872892977093
3.40996991545425 19.639879661817 19.639879661817
3.47311750648118 19.8924700259247 19.8924700259247
3.53626509750811 20.1450603900324 20.1450603900324
3.59941268853504 20.3976507541402 20.3976507541402
3.66256027956197 20.6502411182479 20.6502411182479
3.7257078705889 20.9028314823556 20.9028314823556
3.78885546161583 21.1554218464633 21.1554218464633
3.85200305264276 21.408012210571 21.408012210571
3.91515064366969 21.6606025746788 21.6606025746788
3.97829823469662 21.9131929387865 21.9131929387865
4.04144582572355 22.1657833028942 22.1657833028942
4.10459341675048 22.4183736670019 22.4183736670019
4.16774100777741 22.6709640311097 22.6709640311097
4.23088859880434 22.9235543952174 22.9235543952174
4.29403618983128 23.1761447593251 23.1761447593251
4.35718378085821 23.4287351234328 23.4287351234328
4.42033137188514 23.6813254875405 23.6813254875405
4.48347896291207 23.9339158516483 23.9339158516483
4.546626553939 24.186506215756 24.186506215756
4.60977414496593 24.4390965798637 24.4390965798637
4.67292173599286 24.6916869439714 24.6916869439714
4.73606932701979 24.9442773080792 24.9442773080792
4.79921691804672 25.1968676721869 25.1968676721869
4.86236450907365 25.4494580362946 25.4494580362946
4.92551210010058 25.7020484004023 25.7020484004023
4.98865969112751 25.95463876451 25.95463876451
5.05180728215444 26.2072291286178 26.2072291286178
5.11495487318137 26.4598194927255 26.4598194927255
5.1781024642083 26.7124098568332 26.7124098568332
5.24125005523523 26.9650002209409 26.9650002209409
5.30439764626216 27.2175905850487 27.2175905850487
5.36754523728909 27.4701809491564 27.4701809491564
5.43069282831602 27.7227713132641 27.7227713132641
5.49384041934295 27.9753616773718 27.9753616773718
5.55698801036988 28.2279520414795 28.2279520414795
5.62013560139682 28.4805424055873 28.4805424055873
5.68328319242375 28.733132769695 28.733132769695
5.74643078345068 28.9857231338027 28.9857231338027
5.80957837447761 29.2383134979104 29.2383134979104
5.87272596550454 29.4909038620182 29.4909038620182
5.93587355653147 29.7434942261259 29.7434942261259
5.9990211475584 29.9960845902336 29.9960845902336
6.06216873858533 30.2486749543413 30.2486749543413
6.12531632961226 30.501265318449 30.501265318449
6.18846392063919 30.7538556825568 30.7538556825568
6.25161151166612 31.0064460466645 31.0064460466645
6.31475910269305 31.2590364107722 31.2590364107722
6.37790669371998 31.5116267748799 31.5116267748799
6.44105428474691 31.7642171389877 31.7642171389877
6.50420187577384 32.0168075030954 32.0168075030954
6.56734946680077 32.2693978672031 32.2693978672031
6.6304970578277 32.5219882313108 32.5219882313108
6.69364464885463 32.7745785954185 32.7745785954185
6.75679223988157 33.0271689595263 33.0271689595263
6.8199398309085 33.279759323634 33.279759323634
6.88308742193543 33.5323496877417 33.5323496877417
6.94623501296236 33.7849400518494 33.7849400518494
7.00938260398929 34.0375304159571 34.0375304159571
7.07253019501622 34.2901207800649 34.2901207800649
7.13567778604315 34.5427111441726 34.5427111441726
7.19882537707008 34.7953015082803 34.7953015082803
7.26197296809701 35.047891872388 35.047891872388
7.32512055912394 35.3004822364958 35.3004822364958
7.38826815015087 35.5530726006035 35.5530726006035
7.4514157411778 35.8056629647112 35.8056629647112
7.51456333220473 36.0582533288189 36.0582533288189
7.57771092323166 36.3108436929266 36.3108436929266
7.64085851425859 36.5634340570344 36.5634340570344
7.70400610528552 36.8160244211421 36.8160244211421
7.76715369631245 37.0686147852498 37.0686147852498
7.83030128733938 37.3212051493575 37.3212051493575
7.89344887836631 37.5737955134653 37.5737955134653
7.95659646939325 37.826385877573 37.826385877573
8.01974406042017 38.0789762416807 38.0789762416807
8.08289165144711 38.3315666057884 38.3315666057884
8.14603924247404 38.5841569698961 38.5841569698961
8.20918683350097 38.8367473340039 38.8367473340039
8.2723344245279 39.0893376981116 39.0893376981116
8.33548201555483 39.3419280622193 39.3419280622193
8.39862960658176 39.594518426327 39.594518426327
8.46177719760869 39.8471087904348 39.8471087904348
8.52492478863562 40.0996991545425 40.0996991545425
8.58807237966255 40.3522895186502 40.3522895186502
8.65121997068948 40.6048798827579 40.6048798827579
8.71436756171641 40.8574702468656 40.8574702468656
8.77751515274334 41.1100606109734 41.1100606109734
8.84066274377027 41.3626509750811 41.3626509750811
8.9038103347972 41.6152413391888 41.6152413391888
8.96695792582413 41.8678317032965 41.8678317032965
9.03010551685106 42.1204220674043 42.1204220674043
9.093253107878 42.373012431512 42.373012431512
9.15640069890492 42.6256027956197 42.6256027956197
9.21954828993186 42.8781931597274 42.8781931597274
9.28269588095879 43.1307835238351 43.1307835238351
9.34584347198572 43.3833738879429 43.3833738879429
9.40899106301265 43.6359642520506 43.6359642520506
9.47213865403958 43.8885546161583 43.8885546161583
9.53528624506651 44.141144980266 44.141144980266
9.59843383609344 44.3937353443738 44.3937353443738
9.66158142712037 44.6463257084815 44.6463257084815
9.7247290181473 44.8989160725892 44.8989160725892
9.78787660917423 45.1515064366969 45.1515064366969
9.85102420020116 45.4040968008046 45.4040968008046
9.91417179122809 45.6566871649124 45.6566871649124
9.97731938225502 45.9092775290201 45.9092775290201
10.040466973282 46.1618678931278 46.1618678931278
10.1036145643089 46.4144582572355 46.4144582572355
10.1667621553358 46.6670486213433 46.6670486213433
10.2299097463627 46.919638985451 46.919638985451
10.2930573373897 47.1722293495587 47.1722293495587
10.3562049284166 47.4248197136664 47.4248197136664
10.4193525194435 47.6774100777741 47.6774100777741
10.4825001104705 47.9300004418819 47.9300004418819
10.5456477014974 48.1825908059896 48.1825908059896
10.6087952925243 48.4351811700973 48.4351811700973
10.6719428835513 48.687771534205 48.687771534205
10.7350904745782 48.9403618983128 48.9403618983128
10.7982380656051 49.1929522624205 49.1929522624205
10.861385656632 49.4455426265282 49.4455426265282
10.924533247659 49.6981329906359 49.6981329906359
10.9876808386859 49.9507233547436 49.9507233547436
11.0508284297128 50.2033137188514 50.2033137188514
11.1139760207398 50.4559040829591 50.4559040829591
11.1771236117667 50.7084944470668 50.7084944470668
11.2402712027936 50.9610848111745 50.9610848111745
11.3034187938206 51.2136751752822 51.2136751752822
11.3665663848475 51.46626553939 51.46626553939
11.4297139758744 51.7188559034977 51.7188559034977
11.4928615669014 51.9714462676054 51.9714462676054
11.5560091579283 52.2240366317131 52.2240366317131
11.6191567489552 52.4766269958209 52.4766269958209
11.6823043399821 52.7292173599286 52.7292173599286
11.7454519310091 52.9818077240363 52.9818077240363
11.808599522036 53.234398088144 53.234398088144
11.8717471130629 53.4869884522518 53.4869884522518
11.9348947040899 53.7395788163595 53.7395788163595
11.9980422951168 53.9921691804672 53.9921691804672
12.0611898861437 54.2447595445749 54.2447595445749
12.1243374771707 54.4973499086826 54.4973499086826
12.1874850681976 54.7499402727904 54.7499402727904
12.2506326592245 55.0025306368981 55.0025306368981
12.3137802502515 55.2551210010058 55.2551210010058
12.3769278412784 55.5077113651135 55.5077113651135
12.4400754323053 55.7603017292212 55.7603017292212
12.5032230233322 56.012892093329 56.012892093329
12.5663706143592 56.2654824574367 56.2654824574367


0 0 0
0.0631475910269305 0.386860782666592 0.386860782666592
0.126295182053861 0.789672038343202 0.789672038343202
0.189442773080792 1.20843376702983 1.20843376702983
0.252590364107722 1.64314596872648 1.64314596872648
0.315737955134653 2.09380864343314 2.09380864343314
0.378885546161583 2.56042179114982 2.56042179114982
0.442033137188514 3.04298541187652 3.04298541187652
0.505180728215444 3.54149950561324 3.54149950561324
0.568328319242375 4.05596407235997 4.05596407235997
0.631475910269305 4.58637911211673 4.58637911211673
0.694623501296236 5.1327446248835 5.1327446248835
0.757771092323166 5.69506061066029 5.69506061066029
0.820918683350097 6.27332706944709 6.27332706944709
0.884066274377027 6.86754400124392 6.86754400124392
0.947213865403958 7.47771140605076 7.47771140605076
1.01036145643089 8.10382928386762 8.10382928386762
1.07350904745782 8.7458976346945 8.7458976346945
1.13665663848475 9.4039164585314 9.4039164585314
1.19980422951168 10.0778857553783 10.0778857553783
1.26295182053861 10.7678055252352 10.7678055252352
1.32609941156554 11.4736757681022 11.4736757681022
1.38924700259247 12.1954964839792 12.1954964839792
1.4523945936194 12.9332676728661 12.9332676728661
1.51554218464633 13.6869893347632 13.6869893347632
1.57868977567326 14.4566614696702 14.4566614696702
1.64183736670019 15.2422840775872 15.2422840775872
1.70498495772712 16.0438571585143 16.0438571585143
1.76813254875405 16.8613807124513 16.8613807124513
1.83128013978099 17.6948547393984 17.6948547393984
1.89442773080792 18.5442792393555 18.5442792393555
1.95757532183485 19.4096542123227 19.4096542123227
2.02072291286178 20.2909796582998 20.2909796582998
2.08387050388871 21.188255577287 21.188255577287
2.14701809491564 22.1014819692842 22.1014819692842
2.21016568594257 23.0306588342914 23.0306588342914
2.2733132769695 23.9757861723086 23.9757861723086
2.33646086799643 24.9368639833358 24.9368639833358
2.39960845902336 25.9138922673731 25.9138922673731
2.46275605005029 26.9068710244204 26.9068710244204
2.52590364107722 27.9158002544776 27.9158002544776
2.58905123210415 28.940679957545 28.940679957545
2.65219882313108 29.9815101336223 29.9815101336223
2.71534641415801 31.0382907827096 31.0382907827096
2.77849400518494 32.111021904807 32.111021904807
2.84164159621187 33.1997034999144 33.1997034999144
2.9047891872388 34.3043355680318 34.3043355680318
2.96793677826573 35.4249181091592 35.4249181091592
3.03108436929266 36.5614511232966 36.5614511232966
3.0942319603196 37.7139346104441 37.7139346104441
3.15737955134653 38.8823685706015 0.29360384688406
3.22052714237346 40.066753003769 1.47798828005154
3.28367473340039 41.2670879099465 2.67832318622905
3.34682232442732 42.4833732891341 3.89460856541657
3.40996991545425 43.7156091413316 5.12684441761411
3.47311750648118 44.9637954665392 6.37503074282168
3.53626509750811 46.2279322647567 7.63916754103925
3.59941268853504 47.5080195359843 8.91925481226684
3.66256027956197 48.8040572802219 10.2152925565045
3.7257078705889 50.1160454974696 11.5272807737521
3.78885546161583 51.4439841877272 12.8552194640097
3.85200305264276 52.7878733509949 14.1991086272774
3.91515064366969 54.1477129872726 15.5589482635551
3.97829823469662 55.5235030965603 16.9347383728428
4.04144582572355 56.915243678858 18.3264789551405
4.10459341675048 58.3229347341657 19.7341700104482
4.16774100777741 59.7465762624835 21.157811538766
4.23088859880434 61.1861682638113 22.5974035400938
4.29403618983128 62.641710738149 24.0529460144316
4.35718378085821 64.1132036854969 25.5244389617794
4.42033137188514 65.6006471058547 27.0118823821372
4.48347896291207 67.1040409992225 28.515276275505
4.546626553939 68.6233853656004 30.0346206418829
4.60977414496593 70.1586802049883 31.5699154812708
4.67292173599286 71.7099255173862 33.1211607936687
4.73606932701979 73.2771213027941 34.6883565790766
4.79921691804672 74.860267561212 36.2715028374945
4.86236450907365 76.4593642926399 37.8705995689225
4.92551210010058 78.0744114970779 39.4856467733605
4.98865969112751 79.7054091745259 41.1166444508085
5.05180728215444 81.3523573249839 42.7635926012665
5.11495487318137 83.015255948452 44.4264912247345
5.1781024642083 84.69410504493 46.1053403212125
5.24125005523523 86.3889046144181 47.8001398907006
5.30439764626216 88.0996546569161 49.5108899331987
5.36754523728909 89.8263551724242 51.2375904487068
5.43069282831602 91.5690061609423 52.9802414372249
5.49384041934295 93.3276076224705 54.738842898753
5.55698801036988 95.1021595570086 56.5133948332911
5.62013560139682 96.8926619645568 58.3038972408393
5.68328319242375 98.699114845115 60.1103501213975
5.74643078345068 100.521518198683 61.9327534749657
5.80957837447761 102.359872025261 63.7711073015439
5.87272596550454 104.21417632485 65.6254116011322
5.93587355653147 106.084431097448 67.4956663737304
5.9990211475584 107.970636343056 69.3818716193387
6.06216873858533 109.872792061674 71.284027337957
6.12531632961226 111.790898253303 73.2021335295853
6.18846392063919 113.724954917941 75.1361901942236
6.25161151166612 115.674962055589 77.086197331872
6.31475910269305 117.640919666248 0.984972614455446
6.37790669371998 119.622827749916 2.96688069812382
6.44105428474691 121.620686306595 4.96473925480222
6.50420187577384 123.634495336283 6.97854828449063
6.56734946680077 125.664254838981 9.00830778718909
6.6304970578277 127.70996481469 11.0540177628975
6.69364464885463 129.771625263408 13.115678211616
6.75679223988157 131.849236185137 15.1932891333445
6.8199398309085 133.942797579875 17.286850528083
6.88308742193543 136.052309447624 19.3963623958315
6.94623501296236 138.177771788382 21.5218247365901
7.00938260398929 140.319184602151 23.6632375503586
7.07253019501622 142.47654788893 25.8206008371372
7.13567778604315 144.649861648718 27.9939145969258
7.19882537707008 146.839125881517 30.1831788297244
7.26197296809701 149.044340587325 32.3883935355331
7.32512055912394 151.265505766144 34.6095587143517
7.38826815015087 153.502621417973 36.8466743661804
7.4514157411778 155.755687542811 39.0997404910191
7.51456333220473 158.02470414066 41.3687570888678
7.57771092323166 160.309671211519 43.6537241597265
7.64085851425859 162.610588755388 45.9546417035952
7.70400610528552 164.927456772266 48.271509720474
7.76715369631245 167.260275262155 50.6043282103628
7.83030128733938 169.609044225054 52.9530971732615
7.89344887836631 171.973763660963 55.3178166091704
7.95659646939325 174.354433569882 57.6984865180892
8.01974406042017 176.75105395181 60.095106900018
8.08289165144711 179.163624806749 62.5076777549569
8.14603924247404 181.592146134698 64.9361990829058
8.20918683350097 184.036617935657 67.3806708838647
8.2723344245279 186.497040209626 69.8410931578336
8.33548201555483 188.973412956605 72.3174659048125
8.39862960658176 191.465736176594 74.8097891248015
8.46177719760869 193.974009869593 77.3180628178005
8.52492478863562 196.498234035602 79.8422869838095
8.58807237966255 199.038408674621 82.3824616228285
8.65121997068948 201.59453378665 84.9385867348575
8.71436756171641 204.166609371689 87.5106623198966
8.77751515274334 206.754635429738 90.0986883779456
8.84066274377027 209.358611960797 92.7026649090047
8.9038103347972 211.978538964866 95.3225919130738
8.96695792582413 214.614416441945 97.9584693901529
9.03010551685106 217.266244392034 100.610297340242
9.093253107878 219.934022815134 103.278075763341
9.15640069890492 222.617751711243 105.96180465945
9.21954828993186 225.317431080362 108.66148402857
9.28269588095879 228.033060922491 111.377113870699
9.34584347198572 230.76464123763 114.108694185838
9.40899106301265 233.51217202578 116.856224973987
9.47213865403958 236.275653286939 2.07410630271414
9.53528624506651 239.055085021108 4.85353803688345
9.59843383609344 241.850467228287 7.6489202440627
9.66158142712037 244.661799908477 10.460252924252
9.7247290181473 247.489083061676 13.2875360774513
9.78787660917423 250.332316687885 16.1307697036607
9.85102420020116 253.191500787105 18.9899538028801
9.91417179122809 256.066635359334 21.8650883751094
9.97731938225502 258.957720404574 24.7561734203489
10.040466973282 261.864755922823 27.6632089385982
10.1036145643089 264.787741914082 30.5861949298577
10.1667621553358 267.726678378352 33.5251313941272
10.2299097463627 270.681565315631 36.4800183314066
10.2930573373897 273.652402725921 39.4508557416962
10.3562049284166 276.63919060922 42.4376436249956
10.4193525194435 279.64192896553 45.4403819813052
10.4825001104705 282.660617794849 48.4590708106248
10.5456477014974 285.695257097179 51.4937101129543
10.6087952925243 288.745846872519 54.5442998882939
10.6719428835513 291.812387120868 57.6108401366434
10.7350904745782 294.894877842228 60.6933308580031
10.7982380656051 297.993319036597 63.7917720523728
10.861385656632 301.107710703977 66.9061637197524
10.924533247659 304.238052844367 70.0365058601421
10.9876808386859 307.384345457766 73.1827984735417
11.0508284297128 310.546588544176 76.3450415599515
11.1139760207398 313.724782103596 79.5232351193711
11.1771236117667 316.918926136026 82.7173791518009
11.2402712027936 320.129020641465 85.9274736572407
11.3034187938206 323.355065619915 89.1535186356904
11.3665663848475 326.597061071375 92.3955140871503
11.4297139758744 329.855006995845 95.65346001162
11.4928615669014 333.128903393325 98.9273564090999
11.5560091579283 336.418750263815 102.21720327959
11.6191567489552 339.724547607314 105.52300062309
11.6823043399821 343.046295423824 108.8447484396
11.7454519310091 346.383993713344 112.182446729119
11.808599522036 349.737642475874 115.536095491649
11.8717471130629 353.107241711414 118.905694727189
11.9348947040899 356.492791419964 122.291244435739
11.9980422951168 359.894291601524 125.692744617299
12.0611898861437 363.311742256094 129.110195271869
12.1243374771707 366.745143383674 132.543596399449
12.1874850681976 370.194494984264 135.992948000039
12.2506326592245 373.659797057864 139.458250073639
12.3137802502515 377.141049604474 142.939502620249
12.3769278412784 380.638252624094 146.436705639869
12.4400754323053 384.151406116724 149.9498591325
12.5032230233322 387.680510082364 153.47896309814
12.5663706143592 391.225564521014 157.02401753679
