1 4.76217393479776 0.0427350427350427
2 4.60517018598809 0.05
3 4.47733681447821 0.0568181818181818
4 4.27666611901606 0.0555555555555556
6 3.97029191355212 0.0754716981132075
9 3.38439026334577 0.101694915254237
10 3.22684399451738 0.119047619047619
13 2.72129542785223 0.131578947368421
15 2.40694510831829 0.18018018018018


1 4.77063283856044
2 4.60976633563478
3 4.44706590822777
4 4.28253155633941
5 4.11616327996969
6 3.94796107911861
7 3.77792495378618
8 3.6060549039724
9 3.43235092967726
10 3.25681303090076
11 3.07944120764291
12 2.90023545990371
13 2.71919578768315
14 2.53632219098123
15 2.35161466979796


1 4.84851217168133
2 4.71610582444095
3 4.58532545547282
4 4.45617106477693
5 4.32864265235329
6 4.2027402182019
7 4.07846376232276
8 3.95581328471586
9 3.83478878538121
10 3.7153902643188
11 3.59761772152865
12 3.48147115701074
13 3.36695057076508
14 3.25405596279166
15 3.14278733309049


1 4.69275350543954
2 4.50342684682861
3 4.30880636098272
4 4.10889204790188
5 3.90368390758608
6 3.69318194003532
7 3.4773861452496
8 3.25629652322893
9 3.0299130739733
10 2.79823579748272
11 2.56126469375718
12 2.31899976279668
13 2.07144100460122
14 1.81858841917081
15 1.56044200650544


T_1/2 = 4.12021983543085 days real is 3.631 days.
