-1 0.35322690848236
-0.9 0.315257465381858
-0.8 0.149572921382253
-0.7 -0.1291390705145
-0.6 -0.456031679963891
-0.5 -0.729313201374526
-0.4 -0.843615957101223
-0.3 -0.732190134129287
-0.2 -0.399829485691143
-0.1 0.07003335475099
-1.38777878078145E-16 0.540302305868139
0.0999999999999999 0.868850469500732
0.2 0.960789439152323
0.3 0.80205007096183
0.4 0.460415254109658
0.5 0.0550901880510873
0.6 -0.290335796028292
0.7 -0.490801724416384
0.8 -0.522015543316878
0.9 -0.416590311009725
1 -0.240462049968584


-1 0.355196936286833
-0.999 0.355061015659287
-0.998 0.354918013034613
-0.997 0.354767884614088
-0.996 0.354610586616447
-0.995 0.354446075280857
-0.994 0.354274306869922
-0.993 0.354095237672691
-0.992 0.353908824007678
-0.991 0.353715022225897
-0.99 0.353513788713913
-0.989 0.353305079896895
-0.988 0.353088852241689
-0.987 0.3528650622599
-0.986 0.352633666510986
-0.985 0.352394621605361
-0.984 0.352147884207514
-0.983 0.351893411039131
-0.982 0.351631158882237
-0.981 0.351361084582341
-0.98 0.351083145051597
-0.979 0.350797297271968
-0.978 0.35050349829841
-0.977 0.350201705262058
-0.976 0.349891875373421
-0.975 0.349573965925594
-0.974 0.349247934297472
-0.973 0.348913737956975
-0.972 0.348571334464284
-0.971 0.348220681475083
-0.97 0.347861736743811
-0.969 0.347494458126922
-0.968 0.347118803586152
-0.967 0.346734731191793
-0.966 0.346342199125982
-0.965 0.345941165685983
-0.964 0.345531589287495
-0.963 0.345113428467947
-0.962 0.344686641889818
-0.961 0.34425118834395
-0.96 0.343807026752878
-0.959 0.343354116174153
-0.958 0.342892415803689
-0.957 0.342421884979097
-0.956 0.341942483183042
-0.955 0.341454170046588
-0.954 0.340956905352564
-0.953 0.340450649038924
-0.952 0.339935361202116
-0.951 0.339411002100459
-0.95 0.338877532157515
-0.949 0.338334911965473
-0.948 0.337783102288536
-0.947 0.337222064066306
-0.946 0.336651758417181
-0.945 0.336072146641747
-0.944 0.335483190226179
-0.943 0.33488485084564
-0.942 0.334277090367686
-0.941 0.333659870855675
-0.94 0.333033154572169
-0.939 0.33239690398235
-0.938 0.331751081757426
-0.937 0.33109565077805
-0.936 0.330430574137731
-0.935 0.329755815146249
-0.934 0.32907133733307
-0.933 0.328377104450766
-0.932 0.327673080478427
-0.931 0.32695922962508
-0.93 0.326235516333106
-0.929 0.325501905281653
-0.928 0.324758361390054
-0.927 0.324004849821241
-0.926 0.323241335985153
-0.925 0.322467785542156
-0.924 0.321684164406445
-0.923 0.320890438749459
-0.922 0.320086575003281
-0.921 0.319272539864044
-0.92 0.318448300295334
-0.919 0.317613823531585
-0.918 0.316769077081476
-0.917 0.315914028731321
-0.916 0.31504864654846
-0.915 0.31417289888464
-0.914 0.3132867543794
-0.913 0.312390181963439
-0.912 0.311483150862
-0.911 0.310565630598224
-0.91 0.309637590996519
-0.909 0.308699002185917
-0.908 0.30774983460342
-0.907 0.306790058997351
-0.906 0.305819646430689
-0.905 0.304838568284405
-0.904 0.303846796260788
-0.903 0.302844302386762
-0.902 0.301831059017205
-0.901 0.300807038838249
-0.9 0.299772214870581
-0.899 0.298726560472732
-0.898 0.297670049344365
-0.897 0.29660265552954
-0.896 0.29552435341999
-0.895 0.294435117758372
-0.894 0.293334923641517
-0.893 0.292223746523671
-0.892 0.291101562219723
-0.891 0.289968346908426
-0.89 0.288824077135608
-0.889 0.28766872981737
-0.888 0.286502282243279
-0.887 0.285324712079546
-0.886 0.28413599737219
-0.885 0.282936116550203
-0.884 0.28172504842869
-0.883 0.280502772212006
-0.882 0.279269267496876
-0.881 0.278024514275508
-0.88 0.276768492938686
-0.879 0.275501184278862
-0.878 0.274222569493225
-0.877 0.272932630186757
-0.876 0.271631348375286
-0.875 0.270318706488511
-0.874 0.268994687373028
-0.873 0.267659274295329
-0.872 0.266312450944794
-0.871 0.264954201436667
-0.87 0.263584510315018
-0.869 0.262203362555685
-0.868 0.260810743569211
-0.867 0.259406639203752
-0.866 0.257991035747983
-0.865 0.256563919933977
-0.864 0.255125278940073
-0.863 0.253675100393728
-0.862 0.252213372374351
-0.861 0.25074008341612
-0.86 0.249255222510779
-0.859 0.247758779110427
-0.858 0.246250743130275
-0.857 0.2447311049514
-0.856 0.243199855423471
-0.855 0.241656985867457
-0.854 0.240102488078325
-0.853 0.238536354327708
-0.852 0.236958577366562
-0.851 0.2353691504278
-0.85 0.233768067228907
-0.849 0.232155321974536
-0.848 0.230530909359085
-0.847 0.22889482456925
-0.846 0.227247063286565
-0.845 0.225587621689909
-0.844 0.223916496458006
-0.843 0.222233684771895
-0.842 0.220539184317384
-0.841 0.218832993287474
-0.84 0.217115110384773
-0.839 0.215385534823878
-0.838 0.213644266333742
-0.837 0.211891305160013
-0.836 0.210126652067353
-0.835 0.208350308341737
-0.834 0.206562275792722
-0.833 0.204762556755698
-0.832 0.202951154094116
-0.831 0.201128071201687
-0.83 0.199293312004564
-0.829 0.197446880963494
-0.828 0.19558878307595
-0.827 0.193719023878236
-0.826 0.191837609447566
-0.825 0.189944546404123
-0.824 0.188039841913088
-0.823 0.186123503686644
-0.822 0.184195539985961
-0.821 0.182255959623144
-0.82 0.180304771963163
-0.819 0.17834198692576
-0.818 0.176367614987316
-0.817 0.174381667182708
-0.816 0.172384155107126
-0.815 0.170375090917871
-0.814 0.168354487336124
-0.813 0.166322357648683
-0.812 0.164278715709683
-0.811 0.162223575942277
-0.81 0.160156953340293
-0.809 0.158078863469871
-0.808 0.155989322471054
-0.807 0.153888347059372
-0.806 0.151775954527381
-0.805 0.149652162746178
-0.804 0.14751699016689
-0.803 0.145370455822134
-0.802 0.143212579327441
-0.801 0.141043380882658
-0.8 0.138862881273316
-0.799 0.136671101871972
-0.798 0.134468064639514
-0.797 0.132253792126446
-0.796 0.130028307474134
-0.795 0.127791634416026
-0.794 0.125543797278837
-0.793 0.123284820983711
-0.792 0.121014731047345
-0.791 0.118733553583083
-0.79 0.116441315301984
-0.789 0.114138043513849
-0.788 0.111823766128228
-0.787 0.109498511655384
-0.786 0.107162309207235
-0.785 0.104815188498257
-0.784 0.102457179846357
-0.783 0.100088314173715
-0.782 0.0977086230075954
-0.781 0.0953181384811169
-0.78 0.0929168933340018
-0.779 0.0905049209132833
-0.778 0.0880822551739848
-0.777 0.0856489306797637
-0.776 0.0832049826035227
-0.775 0.0807504467279889
-0.774 0.0782853594462566
-0.773 0.0758097577623005
-0.772 0.0733236792914505
-0.771 0.0708271622608377
-0.77 0.068320245509802
-0.769 0.0658029684902683
-0.768 0.0632753712670884
-0.767 0.0607374945183469
-0.766 0.0581893795356351
-0.765 0.0556310682242876
-0.764 0.0530626031035881
-0.763 0.050484027306936
-0.762 0.0478953845819821
-0.761 0.0452967192907269
-0.76 0.0426880764095857
-0.759 0.0400695015294172
-0.758 0.0374410408555174
-0.757 0.0348027412075784
-0.756 0.0321546500196122
-0.755 0.0294968153398382
-0.754 0.026829285830536
-0.753 0.024152110767862
-0.752 0.0214653400416304
-0.751 0.018769024155059
-0.75 0.0160632142244791
-0.749 0.0133479619790084
-0.748 0.010623319760189
-0.747 0.00788934052159024
-0.746 0.0051460778283724
-0.745 0.0023935858568177
-0.744 -0.000368080606176657
-0.743 -0.00313886616364262
-0.742 -0.0059187148091186
-0.741 -0.00870756992726723
-0.74 -0.0115053742945267
-0.739 -0.0143120700797986
-0.738 -0.0171275988451745
-0.737 -0.0199519015466966
-0.736 -0.0227849185351571
-0.735 -0.0256265895569324
-0.734 -0.0284768537548546
-0.733 -0.0313356496691213
-0.732 -0.0342029152382395
-0.731 -0.0370785878000082
-0.73 -0.0399626040925368
-0.729 -0.0428549002553017
-0.728 -0.0457554118302382
-0.727 -0.0486640737628691
-0.726 -0.0515808204034728
-0.725 -0.0545055855082853
-0.724 -0.0574383022407415
-0.723 -0.0603789031727509
-0.722 -0.0633273202860128
-0.721 -0.0662834849733677
-0.72 -0.0692473280401844
-0.719 -0.0722187797057851
-0.718 -0.0751977696049085
-0.717 -0.0781842267892079
-0.716 -0.0811780797287877
-0.715 -0.0841792563137753
-0.714 -0.0871876838559321
-0.713 -0.0902032890902998
-0.712 -0.0932259981768846
-0.711 -0.0962557367023767
-0.71 -0.0992924296819092
-0.709 -0.102336001560852
-0.708 -0.105386376216641
-0.707 -0.108443476960651
-0.706 -0.111507226540095
-0.705 -0.11457754713997
-0.704 -0.117654360385031
-0.703 -0.120737587341811
-0.702 -0.123827148520668
-0.701 -0.126922963877876
-0.7 -0.13002495281775
-0.699 -0.133133034194804
-0.698 -0.136247126315951
-0.697 -0.139367146942738
-0.696 -0.142493013293614
-0.695 -0.14562464204624
-0.694 -0.148761949339826
-0.693 -0.151904850777519
-0.692 -0.155053261428809
-0.691 -0.158207095831986
-0.69 -0.161366267996626
-0.689 -0.164530691406114
-0.688 -0.167700279020203
-0.687 -0.170874943277607
-0.686 -0.174054596098634
-0.685 -0.177239148887853
-0.684 -0.180428512536789
-0.683 -0.183622597426669
-0.682 -0.186821313431185
-0.681 -0.19002456991931
-0.68 -0.193232275758136
-0.679 -0.196444339315749
-0.678 -0.19966066846415
-0.677 -0.202881170582195
-0.676 -0.20610575255858
-0.675 -0.209334320794858
-0.674 -0.21256678120849
-0.673 -0.215803039235931
-0.672 -0.219042999835753
-0.671 -0.222286567491792
-0.67 -0.225533646216344
-0.669 -0.228784139553385
-0.668 -0.232037950581827
-0.667 -0.235294981918806
-0.666 -0.238555135723009
-0.665 -0.241818313698032
-0.664 -0.245084417095763
-0.663 -0.248353346719816
-0.662 -0.251625002928979
-0.661 -0.254899285640708
-0.66 -0.258176094334649
-0.659 -0.261455328056192
-0.658 -0.264736885420058
-0.657 -0.268020664613921
-0.656 -0.27130656340206
-0.655 -0.27459447912904
-0.654 -0.277884308723431
-0.653 -0.281175948701553
-0.652 -0.28446929517126
-0.651 -0.287764243835747
-0.65 -0.29106068999739
-0.649 -0.294358528561626
-0.648 -0.297657654040849
-0.647 -0.300957960558351
-0.646 -0.304259341852284
-0.645 -0.307561691279656
-0.644 -0.310864901820358
-0.643 -0.31416886608122
-0.642 -0.317473476300094
-0.641 -0.320778624349973
-0.64 -0.324084201743134
-0.639 -0.327390099635315
-0.638 -0.330696208829912
-0.637 -0.334002419782219
-0.636 -0.337308622603684
-0.635 -0.340614707066201
-0.634 -0.343920562606425
-0.633 -0.347226078330121
-0.632 -0.350531143016539
-0.631 -0.353835645122811
-0.63 -0.357139472788381
-0.629 -0.360442513839468
-0.628 -0.363744655793541
-0.627 -0.367045785863835
-0.626 -0.370345790963884
-0.625 -0.373644557712089
-0.624 -0.376941972436305
-0.623 -0.380237921178457
-0.622 -0.383532289699182
-0.621 -0.386824963482498
-0.62 -0.390115827740491
-0.619 -0.393404767418038
-0.618 -0.396691667197549
-0.617 -0.399976411503731
-0.616 -0.403258884508382
-0.615 -0.406538970135204
-0.614 -0.409816552064647
-0.613 -0.413091513738769
-0.612 -0.416363738366123
-0.611 -0.419633108926667
-0.61 -0.422899508176699
-0.609 -0.426162818653809
-0.608 -0.429422922681861
-0.607 -0.432679702375991
-0.606 -0.435933039647627
-0.605 -0.43918281620954
-0.604 -0.442428913580901
-0.603 -0.445671213092374
-0.602 -0.448909595891221
-0.601 -0.452143942946429
-0.6 -0.455374135053861
-0.599 -0.458600052841425
-0.598 -0.461821576774258
-0.597 -0.465038587159941
-0.596 -0.468250964153721
-0.595 -0.471458587763762
-0.594 -0.474661337856406
-0.593 -0.477859094161462
-0.592 -0.481051736277503
-0.591 -0.484239143677191
-0.59 -0.487421195712612
-0.589 -0.490597771620633
-0.588 -0.49376875052827
-0.587 -0.496934011458085
-0.586 -0.500093433333587
-0.585 -0.503246894984652
-0.584 -0.506394275152968
-0.583 -0.509535452497482
-0.582 -0.512670305599873
-0.581 -0.515798712970037
-0.58 -0.518920553051583
-0.579 -0.522035704227348
-0.578 -0.525144044824929
-0.577 -0.528245453122218
-0.576 -0.531339807352962
-0.575 -0.534426985712333
-0.574 -0.537506866362506
-0.573 -0.540579327438258
-0.572 -0.543644247052572
-0.571 -0.546701503302256
-0.57 -0.549750974273579
-0.569 -0.552792538047909
-0.568 -0.555826072707368
-0.567 -0.558851456340498
-0.566 -0.561868567047937
-0.565 -0.564877282948103
-0.564 -0.56787748218289
-0.563 -0.570869042923374
-0.562 -0.573851843375531
-0.561 -0.576825761785954
-0.56 -0.579790676447593
-0.559 -0.58274646570549
-0.558 -0.585693007962534
-0.557 -0.588630181685213
-0.556 -0.591557865409382
-0.555 -0.594475937746031
-0.554 -0.597384277387069
-0.553 -0.600282763111102
-0.552 -0.603171273789232
-0.551 -0.606049688390847
-0.55 -0.608917885989428
-0.549 -0.611775745768356
-0.548 -0.614623147026723
-0.547 -0.617459969185152
-0.546 -0.620286091791618
-0.545 -0.62310139452727
-0.544 -0.625905757212267
-0.543 -0.628699059811603
-0.542 -0.631481182440948
-0.541 -0.634252005372484
-0.54 -0.637011409040744
-0.539 -0.639759274048456
-0.538 -0.642495481172387
-0.537 -0.645219911369186
-0.536 -0.647932445781235
-0.535 -0.650632965742489
-0.534 -0.653321352784329
-0.533 -0.655997488641405
-0.532 -0.658661255257487
-0.531 -0.661312534791307
-0.53 -0.663951209622407
-0.529 -0.66657716235698
-0.528 -0.669190275833714
-0.527 -0.671790433129634
-0.526 -0.674377517565934
-0.525 -0.676951412713816
-0.524 -0.679512002400324
-0.523 -0.682059170714167
-0.522 -0.684592802011548
-0.521 -0.687112780921984
-0.52 -0.689618992354121
-0.519 -0.692111321501551
-0.518 -0.694589653848611
-0.517 -0.697053875176191
-0.516 -0.699503871567529
-0.515 -0.701939529413995
-0.514 -0.704360735420885
-0.513 -0.706767376613187
-0.512 -0.709159340341358
-0.511 -0.711536514287084
-0.51 -0.713898786469032
-0.509 -0.716246045248603
-0.508 -0.718578179335665
-0.507 -0.720895077794284
-0.506 -0.723196630048446
-0.505 -0.725482725887768
-0.504 -0.727753255473196
-0.503 -0.730008109342702
-0.502 -0.732247178416963
-0.501 -0.734470354005028
-0.5 -0.736677527809986
-0.499 -0.738868591934603
-0.498 -0.741043438886969
-0.497 -0.743201961586115
-0.496 -0.745344053367631
-0.495 -0.747469607989259
-0.494 -0.749578519636486
-0.493 -0.751670682928113
-0.492 -0.753745992921817
-0.491 -0.755804345119693
-0.49 -0.75784563547379
-0.489 -0.759869760391625
-0.488 -0.761876616741684
-0.487 -0.76386610185891
-0.486 -0.765838113550174
-0.485 -0.767792550099728
-0.484 -0.769729310274647
-0.483 -0.771648293330246
-0.482 -0.773549399015492
-0.481 -0.775432527578384
-0.48 -0.777297579771332
-0.479 -0.779144456856502
-0.478 -0.780973060611158
-0.477 -0.782783293332969
-0.476 -0.784575057845315
-0.475 -0.786348257502562
-0.474 -0.788102796195316
-0.473 -0.78983857835567
-0.472 -0.791555508962418
-0.471 -0.793253493546254
-0.47 -0.794932438194951
-0.469 -0.796592249558518
-0.468 -0.798232834854336
-0.467 -0.799854101872269
-0.466 -0.801455958979761
-0.465 -0.803038315126902
-0.464 -0.804601079851479
-0.463 -0.806144163283996
-0.462 -0.80766747615268
-0.461 -0.80917092978846
-0.46 -0.810654436129914
-0.459 -0.812117907728208
-0.458 -0.813561257751998
-0.457 -0.814984399992313
-0.456 -0.816387248867411
-0.455 -0.817769719427609
-0.454 -0.819131727360094
-0.453 -0.820473188993696
-0.452 -0.82179402130365
-0.451 -0.823094141916319
-0.45 -0.824373469113896
-0.449 -0.82563192183908
-0.448 -0.826869419699722
-0.447 -0.828085882973445
-0.446 -0.829281232612236
-0.445 -0.830455390247011
-0.444 -0.83160827819215
-0.443 -0.832739819450002
-0.442 -0.833849937715368
-0.441 -0.834938557379945
-0.44 -0.83600560353675
-0.439 -0.837051001984509
-0.438 -0.838074679232015
-0.436999999999999 -0.83907656250246
-0.435999999999999 -0.840056579737734
-0.434999999999999 -0.841014659602696
-0.433999999999999 -0.841950731489406
-0.432999999999999 -0.84286472552134
-0.431999999999999 -0.843756572557558
-0.430999999999999 -0.84462620419685
-0.429999999999999 -0.845473552781848
-0.428999999999999 -0.846298551403105
-0.427999999999999 -0.84710113390314
-0.426999999999999 -0.847881234880455
-0.425999999999999 -0.848638789693511
-0.424999999999999 -0.849373734464682
-0.423999999999999 -0.850086006084163
-0.422999999999999 -0.850775542213854
-0.421999999999999 -0.851442281291207
-0.420999999999999 -0.852086162533035
-0.419999999999999 -0.852707125939293
-0.418999999999999 -0.853305112296819
-0.417999999999999 -0.853880063183044
-0.416999999999999 -0.854431920969664
-0.415999999999999 -0.854960628826277
-0.414999999999999 -0.855466130723989
-0.413999999999999 -0.855948371438976
-0.412999999999999 -0.856407296556016
-0.411999999999999 -0.856842852471984
-0.410999999999999 -0.857254986399309
-0.409999999999999 -0.857643646369393
-0.408999999999999 -0.858008781236001
-0.407999999999999 -0.858350340678601
-0.406999999999999 -0.858668275205678
-0.405999999999999 -0.858962536158005
-0.404999999999999 -0.859233075711878
-0.403999999999999 -0.859479846882312
-0.402999999999999 -0.8597028035262
-0.401999999999999 -0.859901900345431
-0.400999999999999 -0.860077092889976
-0.399999999999999 -0.860228337560928
-0.398999999999999 -0.860355591613506
-0.397999999999999 -0.86045881316002
-0.396999999999999 -0.860537961172799
-0.395999999999999 -0.860592995487074
-0.394999999999999 -0.860623876803825
-0.393999999999999 -0.860630566692592
-0.392999999999999 -0.860613027594238
-0.391999999999999 -0.860571222823673
-0.390999999999999 -0.860505116572549
-0.389999999999999 -0.860414673911897
-0.388999999999999 -0.860299860794737
-0.387999999999999 -0.86016064405864
-0.386999999999999 -0.859996991428253
-0.385999999999999 -0.85980887151778
-0.384999999999999 -0.859596253833425
-0.383999999999999 -0.859359108775787
-0.382999999999999 -0.859097407642222
-0.381999999999999 -0.858811122629156
-0.380999999999999 -0.85850022683436
-0.379999999999999 -0.858164694259183
-0.378999999999999 -0.85780449981074
-0.377999999999999 -0.85741961930406
-0.376999999999999 -0.857010029464191
-0.375999999999999 -0.856575707928261
-0.374999999999999 -0.856116633247499
-0.373999999999999 -0.85563278488921
-0.372999999999999 -0.855124143238711
-0.371999999999999 -0.854590689601216
-0.370999999999999 -0.85403240620369
-0.369999999999999 -0.853449276196648
-0.368999999999999 -0.852841283655913
-0.367999999999999 -0.85220841358434
-0.366999999999999 -0.85155065191348
-0.365999999999999 -0.850867985505216
-0.364999999999999 -0.850160402153342
-0.363999999999999 -0.849427890585109
-0.362999999999999 -0.848670440462716
-0.361999999999999 -0.847888042384768
-0.360999999999999 -0.847080687887678
-0.359999999999999 -0.846248369447036
-0.358999999999999 -0.845391080478922
-0.357999999999999 -0.844508815341187
-0.356999999999999 -0.843601569334676
-0.355999999999999 -0.842669338704415
-0.354999999999999 -0.841712120640752
-0.353999999999999 -0.84072991328045
-0.352999999999999 -0.839722715707737
-0.351999999999999 -0.838690527955309
-0.350999999999999 -0.83763335100529
-0.349999999999999 -0.836551186790149
-0.348999999999999 -0.835444038193564
-0.347999999999999 -0.834311909051244
-0.346999999999999 -0.833154804151714
-0.345999999999999 -0.831972729237038
-0.344999999999999 -0.830765691003512
-0.343999999999999 -0.829533697102302
-0.342999999999999 -0.828276756140038
-0.341999999999999 -0.826994877679365
-0.340999999999999 -0.825688072239447
-0.339999999999999 -0.824356351296423
-0.338999999999999 -0.822999727283818
-0.337999999999999 -0.821618213592911
-0.336999999999999 -0.820211824573054
-0.335999999999999 -0.818780575531945
-0.334999999999999 -0.817324482735858
-0.333999999999999 -0.81584356340982
-0.332999999999999 -0.814337835737752
-0.331999999999999 -0.812807318862557
-0.330999999999999 -0.811252032886161
-0.329999999999999 -0.809671998869511
-0.328999999999999 -0.808067238832531
-0.327999999999999 -0.806437775754019
-0.326999999999999 -0.804783633571514
-0.325999999999999 -0.8031048371811
-0.324999999999999 -0.801401412437182
-0.323999999999999 -0.799673386152198
-0.322999999999999 -0.797920786096298
-0.321999999999999 -0.796143640996969
-0.320999999999999 -0.794341980538619
-0.319999999999999 -0.792515835362114
-0.318999999999999 -0.790665237064262
-0.317999999999999 -0.788790218197262
-0.316999999999999 -0.786890812268098
-0.315999999999999 -0.784967053737892
-0.314999999999999 -0.783018978021207
-0.313999999999999 -0.78104662148531
-0.312999999999999 -0.77905002144938
-0.311999999999999 -0.777029216183679
-0.310999999999999 -0.774984244908672
-0.309999999999999 -0.772915147794101
-0.308999999999999 -0.770821965958018
-0.307999999999999 -0.768704741465765
-0.306999999999999 -0.766563517328911
-0.305999999999999 -0.76439833750415
-0.304999999999999 -0.762209246892142
-0.303999999999999 -0.759996291336314
-0.302999999999999 -0.75775951762162
-0.301999999999999 -0.755498973473245
-0.300999999999999 -0.753214707555274
-0.299999999999999 -0.750906769469306
-0.298999999999999 -0.748575209753033
-0.297999999999999 -0.746220079878764
-0.296999999999999 -0.743841432251912
-0.295999999999999 -0.74143932020943
-0.294999999999999 -0.7390137980182
-0.293999999999999 -0.736564920873392
-0.292999999999999 -0.734092744896755
-0.291999999999999 -0.731597327134883
-0.290999999999999 -0.729078725557428
-0.289999999999999 -0.726536999055267
-0.288999999999999 -0.723972207438628
-0.287999999999999 -0.721384411435168
-0.286999999999999 -0.718773672688014
-0.285999999999999 -0.716140053753749
-0.284999999999999 -0.713483618100364
-0.283999999999999 -0.710804430105159
-0.282999999999999 -0.708102555052604
-0.281999999999999 -0.705378059132152
-0.280999999999999 -0.702631009436016
-0.279999999999999 -0.699861473956895
-0.278999999999999 -0.697069521585659
-0.277999999999999 -0.694255222108989
-0.276999999999999 -0.69141864620698
-0.275999999999999 -0.688559865450694
-0.274999999999999 -0.685678952299673
-0.273999999999999 -0.682775980099407
-0.272999999999999 -0.679851023078764
-0.271999999999999 -0.676904156347373
-0.270999999999999 -0.673935455892964
-0.269999999999999 -0.670944998578673
-0.268999999999999 -0.667932862140295
-0.267999999999999 -0.6648991251835
-0.266999999999999 -0.661843867181009
-0.265999999999999 -0.658767168469724
-0.264999999999999 -0.65566911024782
-0.263999999999999 -0.652549774571792
-0.262999999999999 -0.649409244353466
-0.261999999999999 -0.646247603356962
-0.260999999999999 -0.643064936195621
-0.259999999999999 -0.639861328328893
-0.258999999999999 -0.636636866059178
-0.257999999999999 -0.633391636528628
-0.256999999999999 -0.630125727715918
-0.255999999999999 -0.626839228432961
-0.254999999999999 -0.623532228321598
-0.253999999999999 -0.62020481785024
-0.252999999999999 -0.616857088310469
-0.251999999999999 -0.613489131813609
-0.250999999999999 -0.610101041287246
-0.249999999999999 -0.606692910471719
-0.248999999999999 -0.603264833916565
-0.247999999999999 -0.59981690697693
-0.246999999999999 -0.596349225809937
-0.245999999999999 -0.592861887371022
-0.244999999999999 -0.589354989410226
-0.243999999999999 -0.585828630468452
-0.242999999999999 -0.582282909873686
-0.241999999999999 -0.578717927737172
-0.240999999999999 -0.575133784949565
-0.239999999999999 -0.571530583177029
-0.238999999999999 -0.567908424857317
-0.237999999999999 -0.564267413195793
-0.236999999999999 -0.560607652161438
-0.235999999999999 -0.556929246482808
-0.234999999999999 -0.553232301643958
-0.233999999999999 -0.549516923880332
-0.232999999999999 -0.545783220174615
-0.231999999999999 -0.542031298252552
-0.230999999999999 -0.538261266578733
-0.229999999999999 -0.534473234352336
-0.228999999999999 -0.530667311502847
-0.227999999999999 -0.526843608685731
-0.226999999999999 -0.523002237278085
-0.225999999999999 -0.519143309374241
-0.224999999999999 -0.515266937781349
-0.223999999999999 -0.511373236014917
-0.222999999999999 -0.507462318294321
-0.221999999999999 -0.503534299538285
-0.220999999999999 -0.499589295360321
-0.219999999999999 -0.495627422064146
-0.218999999999999 -0.491648796639054
-0.217999999999999 -0.487653536755273
-0.216999999999999 -0.48364176075927
-0.215999999999999 -0.479613587669043
-0.214999999999999 -0.47556913716937
-0.213999999999999 -0.471508529607031
-0.212999999999999 -0.467431885985999
-0.211999999999999 -0.463339327962599
-0.210999999999999 -0.45923097784064
-0.209999999999999 -0.455106958566514
-0.208999999999999 -0.450967393724263
-0.207999999999999 -0.446812407530624
-0.206999999999999 -0.442642124830038
-0.205999999999999 -0.438456671089633
-0.204999999999999 -0.434256172394174
-0.203999999999999 -0.430040755440996
-0.202999999999999 -0.425810547534891
-0.201999999999999 -0.421565676582983
-0.200999999999999 -0.417306271089571
-0.199999999999999 -0.413032460150935
-0.198999999999999 -0.408744373450132
-0.197999999999999 -0.404442141251749
-0.196999999999999 -0.400125894396639
-0.195999999999999 -0.395795764296631
-0.194999999999999 -0.391451882929204
-0.193999999999999 -0.387094382832151
-0.192999999999999 -0.382723397098202
-0.191999999999999 -0.378339059369634
-0.190999999999999 -0.373941503832846
-0.189999999999999 -0.36953086521292
-0.188999999999999 -0.365107278768148
-0.187999999999999 -0.360670880284541
-0.186999999999999 -0.356221806070312
-0.185999999999999 -0.351760192950336
-0.184999999999999 -0.347286178260587
-0.183999999999999 -0.342799899842553
-0.182999999999999 -0.338301496037626
-0.181999999999999 -0.333791105681474
-0.180999999999999 -0.329268868098384
-0.179999999999999 -0.324734923095592
-0.178999999999999 -0.320189410957585
-0.177999999999999 -0.315632472440385
-0.176999999999999 -0.311064248765813
-0.175999999999999 -0.306484881615728
-0.174999999999999 -0.301894513126253
-0.173999999999999 -0.297293285881973
-0.172999999999999 -0.29268134291012
-0.171999999999999 -0.288058827674738
-0.170999999999999 -0.283425884070823
-0.169999999999999 -0.278782656418452
-0.168999999999999 -0.274129289456891
-0.167999999999999 -0.269465928338682
-0.166999999999999 -0.264792718623717
-0.165999999999999 -0.26010980627329
-0.164999999999999 -0.255417337644137
-0.163999999999999 -0.250715459482456
-0.162999999999999 -0.246004318917908
-0.161999999999999 -0.24128406345761
-0.160999999999999 -0.236554840980102
-0.159999999999999 -0.231816799729307
-0.158999999999999 -0.227070088308472
-0.157999999999999 -0.222314855674093
-0.156999999999999 -0.217551251129826
-0.155999999999999 -0.212779424320388
-0.154999999999999 -0.207999525225438
-0.153999999999999 -0.203211704153449
-0.152999999999999 -0.198416111735561
-0.151999999999999 -0.193612898919428
-0.150999999999999 -0.188802216963049
-0.149999999999999 -0.183984217428583
-0.148999999999999 -0.179159052176162
-0.147999999999999 -0.174326873357679
-0.146999999999999 -0.169487833410574
-0.145999999999999 -0.164642085051609
-0.144999999999999 -0.159789781270624
-0.143999999999999 -0.154931075324295
-0.142999999999999 -0.150066120729869
-0.141999999999999 -0.145195071258896
-0.140999999999999 -0.140318080930955
-0.139999999999999 -0.135435304007361
-0.138999999999999 -0.130546894984872
-0.137999999999999 -0.125653008589383
-0.136999999999999 -0.120753799769613
-0.135999999999999 -0.115849423690783
-0.134999999999999 -0.110940035728291
-0.133999999999999 -0.10602579146137
-0.132999999999999 -0.101106846666751
-0.131999999999999 -0.0961833573123106
-0.130999999999999 -0.0912554795507172
-0.129999999999999 -0.0863233697130674
-0.128999999999999 -0.08138718430252
-0.127999999999999 -0.0764470799879235
-0.126999999999999 -0.0715032135974379
-0.125999999999999 -0.0665557421121541
-0.124999999999999 -0.0616048226597044
-0.123999999999999 -0.0566506125078758
-0.122999999999999 -0.0516932690582114
-0.121999999999999 -0.0467329498396175
-0.120999999999999 -0.0417698125019579
-0.119999999999999 -0.036804014809656
-0.118999999999999 -0.0318357146352821
-0.117999999999999 -0.0268650699531535
-0.116999999999999 -0.0218922388329162
-0.115999999999999 -0.0169173794331413
-0.114999999999999 -0.0119406499949077
-0.113999999999999 -0.00696220883539098
-0.112999999999999 -0.00198221434144885
-0.111999999999999 0.00299917503679092
-0.110999999999999 0.00798180079234795
-0.109999999999999 0.0129655043677973
-0.108999999999999 0.0179501271616868
-0.107999999999999 0.0229355105349455
-0.106999999999999 0.0279214958172948
-0.105999999999999 0.0329079243136559
-0.104999999999999 0.0378946373105577
-0.103999999999999 0.0428814760825381
-0.102999999999999 0.0478682818985483
-0.101999999999999 0.0528548960283474
-0.100999999999999 0.0578411597489014
-0.0999999999999992 0.0628269143507699
-0.0989999999999992 0.0678120011444982
-0.0979999999999992 0.0727962614669969
-0.0969999999999992 0.0777795366879218
-0.0959999999999992 0.0827616682160478
-0.0949999999999992 0.0877424975056369
-0.0939999999999992 0.0927218660628019
-0.0929999999999992 0.0976996154518635
-0.0919999999999992 0.1026755873017
-0.0909999999999992 0.107649623312095
-0.0899999999999992 0.112621565260074
-0.0889999999999992 0.117591255006232
-0.0879999999999992 0.122558534501065
-0.0869999999999992 0.127523245791279
-0.0859999999999992 0.1324852310261
-0.0849999999999992 0.137444332463578
-0.0839999999999992 0.14240039247687
-0.0829999999999992 0.147353253560532
-0.0819999999999992 0.152302758336786
-0.0809999999999992 0.157248749561785
-0.0799999999999992 0.162191070131871
-0.0789999999999992 0.167129563089812
-0.0779999999999992 0.172064071631044
-0.0769999999999992 0.176994439109887
-0.0759999999999992 0.181920509045763
-0.0749999999999992 0.186842125129394
-0.0739999999999992 0.191759131228992
-0.0729999999999992 0.196671371396436
-0.0719999999999992 0.20157868987344
-0.0709999999999992 0.206480931097702
-0.0699999999999992 0.211377939709052
-0.0689999999999992 0.216269560555572
-0.0679999999999992 0.221155638699713
-0.0669999999999992 0.226036019424397
-0.0659999999999992 0.230910548239103
-0.0649999999999992 0.235779070885942
-0.0639999999999992 0.24064143334571
-0.0629999999999992 0.24549748184394
-0.0619999999999992 0.250347062856922
-0.0609999999999992 0.255190023117724
-0.0599999999999992 0.260026209622187
-0.0589999999999992 0.264855469634907
-0.0579999999999992 0.269677650695204
-0.0569999999999992 0.274492600623066
-0.0559999999999992 0.279300167525091
-0.0549999999999992 0.284100199800397
-0.0539999999999992 0.288892546146525
-0.0529999999999992 0.293677055565317
-0.0519999999999992 0.298453577368786
-0.0509999999999992 0.303221961184958
-0.0499999999999992 0.307982056963701
-0.0489999999999992 0.312733714982535
-0.0479999999999992 0.317476785852426
-0.0469999999999992 0.32221112052355
-0.0459999999999992 0.326936570291058
-0.0449999999999992 0.331652986800795
-0.0439999999999992 0.336360222055026
-0.0429999999999992 0.341058128418121
-0.0419999999999991 0.345746558622232
-0.0409999999999991 0.350425365772945
-0.0399999999999991 0.355094403354914
-0.0389999999999991 0.359753525237465
-0.0379999999999991 0.364402585680193
-0.0369999999999991 0.369041439338528
-0.0359999999999991 0.373669941269278
-0.0349999999999991 0.378287946936157
-0.0339999999999991 0.382895312215287
-0.0329999999999991 0.387491893400673
-0.0319999999999991 0.392077547209668
-0.0309999999999991 0.396652130788396
-0.0299999999999991 0.401215501717174
-0.0289999999999991 0.405767518015892
-0.0279999999999991 0.410308038149375
-0.0269999999999991 0.414836921032733
-0.0259999999999991 0.419354026036662
-0.0249999999999991 0.42385921299275
-0.0239999999999991 0.42835234219873
-0.0229999999999991 0.432833274423733
-0.0219999999999991 0.437301870913497
-0.0209999999999991 0.441757993395564
-0.0199999999999991 0.446201504084442
-0.0189999999999991 0.450632265686749
-0.0179999999999991 0.455050141406322
-0.0169999999999991 0.459454994949313
-0.0159999999999991 0.463846690529247
-0.0149999999999991 0.468225092872055
-0.0139999999999991 0.472590067221089
-0.0129999999999991 0.476941479342098
-0.0119999999999991 0.481279195528186
-0.0109999999999991 0.485603082604741
-0.00999999999999912 0.48991300793433
-0.00899999999999912 0.494208839421576
-0.00799999999999912 0.498490445517999
-0.00699999999999912 0.502757695226832
-0.00599999999999912 0.507010458107813
-0.00499999999999912 0.511248604281937
-0.00399999999999912 0.515472004436195
-0.00299999999999912 0.519680529828267
-0.00199999999999912 0.5238740522912
-0.000999999999999119 0.528052444238051
8.81239525796218E-16 0.532215578666497
0.00100000000000088 0.536363329163425
0.00200000000000088 0.540495569909478
0.00300000000000088 0.54461217568359
0.00400000000000088 0.548713021867468
0.00500000000000088 0.552797984450067
0.00600000000000088 0.556866940032016
0.00700000000000088 0.560919765830022
0.00800000000000088 0.564956339681243
0.00900000000000088 0.56897654004763
0.0100000000000009 0.572980246020233
0.0110000000000009 0.57696733732348
0.0120000000000009 0.580937694319425
0.0130000000000009 0.584891198011964
0.0140000000000009 0.588827730051014
0.0150000000000009 0.592747172736668
0.0160000000000009 0.596649409023313
0.0170000000000009 0.600534322523716
0.0180000000000009 0.60440179751308
0.0190000000000009 0.608251718933061
0.0200000000000009 0.612083972395766
0.0210000000000009 0.6158984441877
0.0220000000000009 0.619695021273694
0.0230000000000009 0.623473591300796
0.0240000000000009 0.627234042602123
0.0250000000000009 0.630976264200688
0.0260000000000009 0.634700145813192
0.0270000000000009 0.638405577853773
0.0280000000000009 0.642092451437736
0.0290000000000009 0.645760658385236
0.0300000000000009 0.649410091224937
0.0310000000000009 0.653040643197626
0.0320000000000009 0.656652208259806
0.0330000000000009 0.660244681087242
0.0340000000000009 0.663817957078481
0.0350000000000009 0.667371932358332
0.0360000000000009 0.670906503781318
0.0370000000000009 0.674421568935082
0.0380000000000009 0.677917026143771
0.0390000000000009 0.681392774471374
0.0400000000000009 0.684848713725034
0.0410000000000009 0.688284744458314
0.0420000000000009 0.691700767974442
0.0430000000000009 0.695096686329504
0.0440000000000009 0.698472402335615
0.0450000000000009 0.701827819564047
0.0460000000000009 0.705162842348324
0.0470000000000009 0.708477375787279
0.0480000000000009 0.71177132574808
0.0490000000000009 0.715044598869213
0.0500000000000009 0.718297102563431
0.0510000000000009 0.721528745020674
0.0520000000000009 0.724739435210941
0.0530000000000009 0.727929082887134
0.0540000000000009 0.731097598587864
0.0550000000000009 0.734244893640217
0.0560000000000009 0.737370880162486
0.0570000000000009 0.740475471066872
0.0580000000000009 0.743558580062132
0.0590000000000009 0.746620121656213
0.0600000000000009 0.749660011158827
0.0610000000000009 0.752678164684003
0.0620000000000009 0.755674499152601
0.0630000000000009 0.758648932294779
0.0640000000000009 0.761601382652438
0.0650000000000009 0.764531769581615
0.0660000000000009 0.767440013254849
0.0670000000000009 0.770326034663508
0.0680000000000009 0.773189755620074
0.0690000000000009 0.776031098760392
0.0700000000000009 0.778849987545892
0.0710000000000009 0.781646346265754
0.0720000000000009 0.784420100039056
0.0730000000000009 0.787171174816869
0.0740000000000009 0.789899497384323
0.0750000000000009 0.792604995362632
0.0760000000000009 0.795287597211085
0.0770000000000009 0.797947232228992
0.0780000000000009 0.800583830557603
0.0790000000000009 0.803197323181978
0.0800000000000009 0.805787641932828
0.0810000000000009 0.808354719488315
0.0820000000000009 0.810898489375812
0.0830000000000009 0.81341888597363
0.0840000000000009 0.815915844512705
0.0850000000000009 0.818389301078245
0.086000000000001 0.820839192611341
0.087000000000001 0.823265456910541
0.088000000000001 0.825668032633391
0.089000000000001 0.828046859297923
0.090000000000001 0.83040187728412
0.091000000000001 0.832733027835341
0.092000000000001 0.8350402530597
0.093000000000001 0.837323495931414
0.094000000000001 0.839582700292115
0.095000000000001 0.841817810852115
0.096000000000001 0.844028773191644
0.097000000000001 0.846215533762043
0.098000000000001 0.848378039886923
0.099000000000001 0.850516239763281
0.100000000000001 0.852630082462585
0.101000000000001 0.854719517931819
0.102000000000001 0.856784496994487
0.103000000000001 0.858824971351582
0.104000000000001 0.860840893582519
0.105000000000001 0.862832217146025
0.106000000000001 0.864798896381
0.107000000000001 0.866740886507329
0.108000000000001 0.868658143626668
0.109000000000001 0.870550624723182
0.110000000000001 0.872418287664254
0.111000000000001 0.874261091201155
0.112000000000001 0.876078994969668
0.113000000000001 0.877871959490688
0.114000000000001 0.879639946170772
0.115000000000001 0.881382917302663
0.116000000000001 0.883100836065769
0.117000000000001 0.884793666526606
0.118000000000001 0.886461373639206
0.119000000000001 0.888103923245486
0.120000000000001 0.889721282075583
0.121000000000001 0.891313417748145
0.122000000000001 0.892880298770598
0.123000000000001 0.894421894539358
0.124000000000001 0.895938175340022
0.125000000000001 0.897429112347516
0.126000000000001 0.898894677626203
0.127000000000001 0.900334844129961
0.128000000000001 0.901749585702222
0.129000000000001 0.90313887707597
0.130000000000001 0.904502693873708
0.131000000000001 0.905841012607387
0.132000000000001 0.907153810678299
0.133000000000001 0.908441066376933
0.134000000000001 0.909702758882792
0.135000000000001 0.910938868264184
0.136000000000001 0.912149375477961
0.137000000000001 0.91333426236924
0.138000000000001 0.914493511671069
0.139000000000001 0.915627107004079
0.140000000000001 0.916735032876079
0.141000000000001 0.917817274681629
0.142000000000001 0.918873818701575
0.143000000000001 0.919904652102544
0.144000000000001 0.920909762936409
0.145000000000001 0.921889140139715
0.146000000000001 0.922842773533073
0.147000000000001 0.923770653820515
0.148000000000001 0.92467277258882
0.149000000000001 0.925549122306797
0.150000000000001 0.926399696324543
0.151000000000001 0.927224488872654
0.152000000000001 0.928023495061417
0.153000000000001 0.928796710879952
0.154000000000001 0.929544133195329
0.155000000000001 0.930265759751653
0.156000000000001 0.930961589169102
0.157000000000001 0.931631620942945
0.158000000000001 0.932275855442521
0.159000000000001 0.932894293910178
0.160000000000001 0.933486938460191
0.161000000000001 0.934053792077634
0.162000000000001 0.934594858617228
0.163000000000001 0.935110142802147
0.164000000000001 0.935599650222799
0.165000000000001 0.936063387335569
0.166000000000001 0.936501361461532
0.167000000000001 0.936913580785128
0.168000000000001 0.93730005435281
0.169000000000001 0.937660792071656
0.170000000000001 0.937995804707952
0.171000000000001 0.938305103885738
0.172000000000001 0.938588702085325
0.173000000000001 0.938846612641779
0.174000000000001 0.939078849743371
0.175000000000001 0.939285428430002
0.176000000000001 0.939466364591587
0.177000000000001 0.939621674966413
0.178000000000001 0.939751377139467
0.179000000000001 0.939855489540729
0.180000000000001 0.939934031443433
0.181000000000001 0.939987022962302
0.182000000000001 0.940014485051748
0.183000000000001 0.940016439504044
0.184000000000001 0.939992908947462
0.185000000000001 0.939943916844385
0.186000000000001 0.939869487489385
0.187000000000001 0.939769646007271
0.188000000000001 0.939644418351112
0.189000000000001 0.939493831300223
0.190000000000001 0.939317912458126
0.191000000000001 0.939116690250481
0.192000000000001 0.938890193922985
0.193000000000001 0.938638453539246
0.194000000000001 0.938361499978624
0.195000000000001 0.938059364934045
0.196000000000001 0.937732080909786
0.197000000000001 0.937379681219231
0.198000000000001 0.937002199982599
0.199000000000001 0.936599672124646
0.200000000000001 0.93617213337233
0.201000000000001 0.935719620252464
0.202000000000001 0.935242170089322
0.203000000000001 0.934739821002234
0.204000000000001 0.934212611903142
0.205000000000001 0.933660582494139
0.206000000000001 0.933083773264967
0.207000000000001 0.932482225490506
0.208000000000001 0.931855981228216
0.209000000000001 0.93120508331557
0.210000000000001 0.930529575367452
0.211000000000001 0.929829501773527
0.212000000000001 0.929104907695591
0.213000000000001 0.928355839064891
0.214000000000001 0.927582342579419
0.215000000000001 0.92678446570118
0.216000000000001 0.925962256653442
0.217000000000001 0.925115764417949
0.218000000000001 0.924245038732114
0.219000000000001 0.923350130086193
0.220000000000001 0.922431089720426
0.221000000000001 0.921487969622154
0.222000000000001 0.920520822522917
0.223000000000001 0.919529701895526
0.224000000000001 0.918514661951105
0.225000000000001 0.917475757636119
0.226000000000001 0.916413044629367
0.227000000000001 0.915326579338967
0.228000000000001 0.914216418899298
0.229000000000001 0.913082621167935
0.230000000000001 0.911925244722557
0.231000000000001 0.910744348857825
0.232000000000001 0.909539993582246
0.233000000000001 0.908312239615014
0.234000000000001 0.907061148382819
0.235000000000001 0.905786782016649
0.236000000000001 0.904489203348559
0.237000000000001 0.903168475908422
0.238000000000001 0.901824663920657
0.239000000000001 0.900457832300941
0.240000000000001 0.89906804665289
0.241000000000001 0.89765537326473
0.242000000000001 0.89621987910594
0.243000000000001 0.89476163182388
0.244000000000001 0.893280699740386
0.245000000000001 0.891777151848368
0.246000000000001 0.890251057808363
0.247000000000001 0.888702487945084
0.248000000000001 0.887131513243946
0.249000000000001 0.885538205347568
0.250000000000001 0.883922636552263
0.251000000000001 0.882284879804501
0.252000000000001 0.880625008697363
0.253000000000001 0.878943097466966
0.254000000000001 0.877239220988876
0.255000000000001 0.875513454774503
0.256000000000001 0.873765874967471
0.257000000000001 0.871996558339982
0.258000000000001 0.870205582289151
0.259000000000001 0.868393024833329
0.260000000000001 0.866558964608408
0.261000000000001 0.864703480864109
0.262000000000001 0.862826653460252
0.263000000000001 0.860928562863014
0.264000000000001 0.859009290141159
0.265000000000001 0.857068916962266
0.266000000000001 0.855107525588933
0.267000000000001 0.853125198874964
0.268000000000001 0.851122020261543
0.269000000000001 0.849098073773396
0.270000000000001 0.847053444014929
0.271000000000001 0.844988216166357
0.272000000000001 0.842902475979819
0.273000000000001 0.840796309775474
0.274000000000001 0.838669804437581
0.275000000000001 0.836523047410576
0.276000000000001 0.834356126695121
0.277000000000001 0.832169130844146
0.278000000000001 0.829962148958877
0.279000000000001 0.82773527068485
0.280000000000001 0.825488586207909
0.281000000000001 0.823222186250197
0.282000000000001 0.820936162066125
0.283000000000001 0.818630605438338
0.284000000000001 0.816305608673664
0.285000000000001 0.813961264599043
0.286000000000001 0.811597666557462
0.287000000000001 0.809214908403859
0.288000000000001 0.806813084501026
0.289000000000001 0.804392289715498
0.290000000000001 0.801952619413433
0.291000000000001 0.799494169456473
0.292000000000001 0.797017036197602
0.293000000000001 0.79452131647699
0.294000000000001 0.792007107617829
0.295000000000001 0.789474507422152
0.296000000000001 0.786923614166649
0.297000000000001 0.78435452659847
0.298000000000001 0.781767343931016
0.299000000000001 0.779162165839726
0.300000000000001 0.776539092457848
0.301000000000001 0.773898224372205
0.302000000000001 0.771239662618953
0.303000000000001 0.768563508679323
0.304000000000001 0.765869864475364
0.305000000000001 0.763158832365669
0.306000000000001 0.7604305151411
0.307000000000001 0.7576850160205
0.308000000000001 0.754922438646396
0.309000000000001 0.7521428870807
0.310000000000001 0.749346465800399
0.311000000000001 0.746533279693236
0.312000000000001 0.743703434053387
0.313000000000001 0.74085703457713
0.314000000000001 0.737994187358506
0.315000000000001 0.735114998884976
0.316000000000001 0.732219576033069
0.317000000000001 0.729308026064026
0.318000000000001 0.726380456619435
0.319000000000001 0.723436975716866
0.320000000000001 0.72047769174549
0.321000000000001 0.717502713461708
0.322000000000001 0.714512149984757
0.323000000000001 0.711506110792326
0.324000000000001 0.708484705716158
0.325000000000001 0.705448044937653
0.326000000000001 0.70239623898346
0.327000000000001 0.699329398721071
0.328000000000001 0.696247635354409
0.329000000000001 0.693151060419409
0.330000000000001 0.690039785779599
0.331000000000001 0.686913923621679
0.332000000000001 0.683773586451089
0.333000000000001 0.68061888708758
0.334000000000001 0.677449938660783
0.335000000000001 0.67426685460577
0.336000000000001 0.671069748658618
0.337000000000001 0.667858734851964
0.338000000000001 0.664633927510563
0.339000000000001 0.661395441246845
0.340000000000001 0.658143390956463
0.341000000000001 0.654877891813845
0.342000000000001 0.651599059267747
0.343000000000001 0.648307009036793
0.344000000000001 0.645001857105028
0.345000000000001 0.641683719717462
0.346000000000001 0.638352713375613
0.347000000000001 0.635008954833052
0.348000000000001 0.631652561090945
0.349000000000001 0.628283649393601
0.350000000000001 0.624902337224007
0.351000000000001 0.621508742299379
0.352000000000001 0.6181029825667
0.353000000000001 0.614685176198266
0.354000000000001 0.611255441587227
0.355000000000001 0.607813897343139
0.356000000000001 0.604360662287501
0.357000000000001 0.600895855449308
0.358000000000001 0.597419596060596
0.359000000000001 0.593932003551993
0.360000000000001 0.59043319754827
0.361000000000001 0.586923297863893
0.362000000000001 0.583402424498576
0.363000000000001 0.579870697632845
0.364000000000001 0.576328237623585
0.365000000000001 0.572775164999615
0.366000000000001 0.569211600457241
0.367000000000001 0.565637664855827
0.368000000000001 0.562053479213368
0.369000000000001 0.558459164702056
0.370000000000001 0.554854842643862
0.371000000000001 0.551240634506112
0.372000000000001 0.547616661897068
0.373000000000001 0.543983046561523
0.374000000000001 0.54033991037638
0.375000000000001 0.536687375346256
0.376000000000001 0.533025563599074
0.377000000000001 0.529354597381673
0.378000000000001 0.525674599055408
0.379000000000001 0.521985691091767
0.380000000000001 0.518287996067987
0.381000000000001 0.514581636662676
0.382000000000001 0.51086673565144
0.383000000000001 0.507143415902516
0.384000000000001 0.503411800372407
0.385000000000001 0.499672012101531
0.386000000000001 0.495924174209863
0.387000000000001 0.492168409892599
0.388000000000001 0.488404842415807
0.389000000000001 0.484633595112101
0.390000000000001 0.480854791376315
0.391000000000001 0.477068554661177
0.392000000000001 0.473275008473004
0.393000000000001 0.469474276367388
0.394000000000001 0.4656664819449
0.395000000000001 0.461851748846798
0.396000000000001 0.458030200750739
0.397000000000001 0.454201961366506
0.398000000000001 0.45036715443173
0.399000000000001 0.446525903707634
0.400000000000001 0.442678332974773
0.401000000000001 0.438824566028792
0.402000000000001 0.43496472667618
0.403000000000001 0.431098938730048
0.404000000000001 0.427227326005895
0.405000000000001 0.423350012317405
0.406000000000001 0.419467121472235
0.407000000000001 0.415578777267818
0.408000000000001 0.411685103487179
0.409000000000001 0.407786223894753
0.410000000000001 0.403882262232214
0.411000000000001 0.399973342214319
0.412000000000001 0.396059587524753
0.413000000000001 0.392141121811988
0.414000000000001 0.388218068685151
0.415000000000001 0.384290551709902
0.416000000000001 0.380358694404325
0.417000000000001 0.376422620234818
0.418000000000001 0.372482452612007
0.419000000000001 0.368538314886664
0.420000000000001 0.364590330345632
0.421000000000001 0.360638622207767
0.422000000000001 0.356683313619886
0.423000000000001 0.35272452765273
0.424000000000001 0.348762387296934
0.425000000000001 0.344797015459006
0.426000000000001 0.340828534957327
0.427000000000001 0.336857068518151
0.428000000000001 0.332882738771624
0.429000000000001 0.328905668247809
0.430000000000001 0.324925979372728
0.431000000000001 0.320943794464412
0.432000000000001 0.316959235728962
0.433000000000001 0.312972425256627
0.434000000000001 0.308983485017887
0.435000000000001 0.304992536859557
0.436000000000001 0.300999702500895
0.437000000000001 0.297005103529723
0.438000000000001 0.29300886139857
0.439000000000001 0.289011097420817
0.440000000000001 0.285011932766855
0.441000000000001 0.281011488460267
0.442000000000001 0.277009885374009
0.443000000000001 0.273007244226614
0.444000000000001 0.269003685578401
0.445000000000001 0.264999329827708
0.446000000000001 0.260994297207126
0.447000000000001 0.256988707779755
0.448000000000001 0.252982681435473
0.449000000000001 0.248976337887211
0.450000000000001 0.244969796667253
0.451000000000001 0.240963177123542
0.452000000000001 0.236956598416002
0.453000000000001 0.232950179512872
0.454000000000001 0.228944039187061
0.455000000000001 0.224938296012509
0.456000000000001 0.220933068360566
0.457000000000001 0.216928474396387
0.458000000000001 0.212924632075336
0.459000000000001 0.208921659139414
0.460000000000001 0.204919673113691
0.461000000000001 0.200918791302759
0.462000000000001 0.1969191307872
0.463000000000001 0.192920808420066
0.464000000000001 0.188923940823376
0.465000000000001 0.184928644384628
0.466000000000001 0.180935035253324
0.467000000000001 0.176943229337516
0.468000000000001 0.172953342300358
0.469000000000001 0.168965489556686
0.470000000000001 0.164979786269598
0.471000000000001 0.160996347347066
0.472000000000001 0.15701528743855
0.473000000000001 0.153036720931638
0.474000000000001 0.149060761948692
0.475000000000001 0.145087524343523
0.476000000000001 0.141117121698066
0.477000000000001 0.137149667319085
0.478000000000001 0.133185274234884
0.479000000000001 0.129224055192045
0.480000000000001 0.125266122652172
0.481000000000001 0.121311588788653
0.482000000000001 0.117360565483446
0.483000000000001 0.113413164323873
0.484000000000001 0.109469496599437
0.485000000000001 0.105529673298648
0.486000000000001 0.101593805105874
0.487000000000001 0.0976620023982041
0.488000000000001 0.0937343752423292
0.489000000000001 0.0898110333914403
0.490000000000001 0.0858920862821422
0.491000000000001 0.0819776430313866
0.492000000000001 0.078067812433421
0.493000000000001 0.0741627029567534
0.494000000000001 0.0702624227411382
0.495000000000001 0.0663670795945744
0.496000000000001 0.0624767809903252
0.497000000000001 0.0585916340639525
0.498000000000001 0.0547117456103702
0.499000000000001 0.0508372220809153
0.500000000000001 0.0469681695804344
0.501000000000001 0.04310469386439
0.502000000000001 0.0392469003359853
0.503000000000001 0.0353948940433019
0.504000000000001 0.0315487796764627
0.505000000000001 0.0277086615648054
0.506000000000001 0.0238746436740796
0.507000000000001 0.0200468296036558
0.508000000000001 0.0162253225837608
0.509000000000001 0.0124102254727225
0.510000000000001 0.00860164075423883
0.511000000000001 0.00479967053466027
0.512000000000001 0.00100441654029667
0.513000000000001 -0.00278401988526606
0.514000000000001 -0.00656553778382193
0.515000000000001 -0.0103400365851902
0.516000000000001 -0.0141074161098374
0.517000000000001 -0.0178675765714833
0.518000000000001 -0.0216204185796865
0.519000000000001 -0.0253658431424157
0.520000000000001 -0.0291037516685953
0.521000000000001 -0.0328340459706404
0.522000000000001 -0.0365566282669665
0.523000000000001 -0.0402714011844861
0.524000000000001 -0.0439782677610809
0.525000000000001 -0.0476771314480608
0.526000000000001 -0.0513678961126007
0.527000000000001 -0.0550504660401595
0.528000000000001 -0.0587247459368793
0.529000000000001 -0.0623906409319681
0.530000000000001 -0.0660480565800608
0.531000000000001 -0.0696968988635642
0.532000000000001 -0.0733370741949794
0.533000000000001 -0.0769684894192081
0.534000000000001 -0.0805910518158393
0.535000000000001 -0.0842046691014164
0.536000000000001 -0.0878092494316849
0.537000000000001 -0.0914047014038221
0.538000000000001 -0.0949909340586468
0.539000000000001 -0.0985678568828103
0.540000000000001 -0.102135379810967
0.541000000000001 -0.10569341322793
0.542000000000001 -0.109241867970798
0.543000000000001 -0.112780655331076
0.544000000000001 -0.116309687056766
0.545000000000001 -0.119828875354443
0.546000000000001 -0.12333813289131
0.547000000000001 -0.126837372797238
0.548000000000001 -0.130326508666779
0.549000000000001 -0.133805454561165
0.550000000000001 -0.13727412501029
0.551000000000001 -0.140732435014661
0.552000000000001 -0.144180300047348
0.553000000000001 -0.147617636055894
0.554000000000001 -0.151044359464222
0.555000000000001 -0.154460387174514
0.556000000000001 -0.157865636569074
0.557000000000001 -0.161260025512165
0.558000000000001 -0.164643472351838
0.559000000000001 -0.168015895921732
0.560000000000001 -0.171377215542857
0.561000000000001 -0.174727351025358
0.562000000000001 -0.17806622267026
0.563000000000001 -0.181393751271193
0.564000000000001 -0.184709858116094
0.565000000000001 -0.188014464988897
0.566000000000001 -0.191307494171195
0.567000000000001 -0.194588868443889
0.568000000000001 -0.197858511088811
0.569000000000001 -0.201116345890335
0.570000000000001 -0.204362297136962
0.571000000000001 -0.207596289622889
0.572000000000001 -0.210818248649552
0.573000000000001 -0.214028100027163
0.574000000000001 -0.217225770076211
0.575000000000001 -0.220411185628956
0.576000000000001 -0.223584274030894
0.577000000000001 -0.22674496314221
0.578000000000001 -0.229893181339207
0.579000000000001 -0.233028857515718
0.580000000000001 -0.23615192108449
0.581000000000001 -0.239262301978565
0.582000000000001 -0.242359930652623
0.583000000000001 -0.24544473808432
0.584000000000001 -0.248516655775594
0.585000000000001 -0.251575615753962
0.586000000000001 -0.254621550573791
0.587000000000001 -0.257654393317552
0.588000000000001 -0.260674077597051
0.589000000000001 -0.263680537554647
0.590000000000001 -0.266673707864442
0.591000000000001 -0.269653523733458
0.592000000000001 -0.272619920902792
0.593000000000001 -0.27557283564875
0.594000000000001 -0.278512204783966
0.595000000000001 -0.281437965658492
0.596000000000001 -0.284350056160884
0.597000000000001 -0.28724841471925
0.598000000000001 -0.290132980302292
0.599000000000001 -0.293003692420325
0.600000000000001 -0.295860491126272
0.601000000000001 -0.298703317016648
0.602000000000001 -0.301532111232513
0.603000000000001 -0.304346815460418
0.604000000000001 -0.307147371933322
0.605000000000001 -0.309933723431497
0.606000000000001 -0.312705813283403
0.607000000000001 -0.315463585366558
0.608000000000001 -0.318206984108374
0.609000000000001 -0.320935954486988
0.610000000000001 -0.323650442032057
0.611000000000001 -0.326350392825551
0.612000000000001 -0.329035753502514
0.613000000000001 -0.331706471251811
0.614000000000001 -0.334362493816857
0.615000000000001 -0.337003769496319
0.616000000000001 -0.339630247144811
0.617000000000001 -0.34224187617356
0.618000000000001 -0.344838606551054
0.619000000000001 -0.347420388803678
0.620000000000001 -0.349987174016319
0.621000000000001 -0.352538913832965
0.622000000000001 -0.355075560457271
0.623000000000001 -0.357597066653122
0.624000000000001 -0.36010338574516
0.625000000000001 -0.362594471619306
0.626000000000001 -0.365070278723251
0.627000000000001 -0.367530762066944
0.628000000000001 -0.369975877223038
0.629000000000001 -0.372405580327343
0.630000000000001 -0.374819828079239
0.631000000000001 -0.377218577742081
0.632000000000001 -0.379601787143583
0.633000000000001 -0.381969414676183
0.634000000000001 -0.384321419297387
0.635000000000001 -0.386657760530101
0.636000000000001 -0.388978398462933
0.637000000000001 -0.391283293750487
0.638000000000001 -0.393572407613634
0.639000000000001 -0.395845701839762
0.640000000000001 -0.398103138783016
0.641000000000001 -0.400344681364503
0.642000000000001 -0.402570293072499
0.643000000000001 -0.404779937962623
0.644000000000001 -0.406973580657997
0.645000000000001 -0.409151186349385
0.646000000000001 -0.411312720795321
0.647000000000001 -0.413458150322211
0.648000000000001 -0.41558744182442
0.649000000000001 -0.417700562764337
0.650000000000001 -0.419797481172431
0.651000000000001 -0.421878165647275
0.652000000000001 -0.423942585355568
0.653000000000001 -0.42599071003212
0.654000000000001 -0.42802250997984
0.655000000000001 -0.430037956069687
0.656000000000001 -0.432037019740613
0.657000000000001 -0.434019672999491
0.658000000000001 -0.435985888421011
0.659000000000001 -0.437935639147576
0.660000000000001 -0.439868898889166
0.661000000000001 -0.441785641923191
0.662000000000001 -0.443685843094326
0.663000000000001 -0.445569477814325
0.664000000000001 -0.447436522061819
0.665000000000001 -0.449286952382101
0.666000000000001 -0.451120745886884
0.667000000000001 -0.452937880254046
0.668000000000001 -0.454738333727365
0.669000000000001 -0.45652208511622
0.670000000000001 -0.458289113795293
0.671000000000001 -0.460039399704236
0.672000000000001 -0.461772923347337
0.673000000000001 -0.463489665793154
0.674000000000001 -0.465189608674147
0.675000000000001 -0.466872734186275
0.676000000000001 -0.468539025088592
0.677000000000001 -0.470188464702817
0.678000000000001 -0.471821036912889
0.679000000000001 -0.473436726164508
0.680000000000001 -0.475035517464648
0.681000000000001 -0.476617396381073
0.682000000000001 -0.478182349041813
0.683000000000001 -0.479730362134643
0.684000000000001 -0.481261422906533
0.685000000000001 -0.482775519163082
0.686000000000001 -0.484272639267946
0.687000000000001 -0.485752772142235
0.688000000000001 -0.487215907263903
0.689000000000001 -0.488662034667117
0.690000000000001 -0.490091144941614
0.691000000000001 -0.491503229232035
0.692000000000001 -0.492898279237249
0.693000000000001 -0.494276287209657
0.694000000000001 -0.495637245954481
0.695000000000001 -0.496981148829035
0.696000000000001 -0.498307989741984
0.697000000000001 -0.499617763152582
0.698000000000001 -0.500910464069898
0.699000000000001 -0.502186088052023
0.700000000000001 -0.503444631205262
0.701000000000001 -0.504686090183309
0.702000000000001 -0.505910462186413
0.703000000000001 -0.507117744960517
0.704000000000001 -0.508307936796389
0.705000000000001 -0.509481036528735
0.706000000000001 -0.510637043535298
0.707000000000001 -0.511775957735939
0.708000000000001 -0.512897779591704
0.709000000000001 -0.514002510103875
0.710000000000001 -0.515090150813006
0.711000000000001 -0.516160703797943
0.712000000000001 -0.517214171674831
0.713000000000001 -0.518250557596101
0.714000000000001 -0.51926986524945
0.715000000000001 -0.520272098856794
0.716000000000001 -0.521257263173217
0.717000000000001 -0.522225363485903
0.718000000000001 -0.523176405613044
0.719000000000001 -0.524110395902747
0.720000000000001 -0.525027341231914
0.721000000000001 -0.525927249005117
0.722000000000001 -0.52681012715345
0.723000000000001 -0.527675984133372
0.724000000000001 -0.528524828925535
0.725000000000001 -0.529356671033592
0.726000000000001 -0.530171520483001
0.727000000000001 -0.530969387819801
0.728000000000001 -0.531750284109387
0.729000000000001 -0.532514220935264
0.730000000000001 -0.533261210397784
0.731000000000001 -0.533991265112877
0.732000000000001 -0.534704398210761
0.733000000000001 -0.53540062333464
0.734000000000001 -0.536079954639391
0.735000000000001 -0.536742406790234
0.736000000000001 -0.537387994961388
0.737000000000001 -0.538016734834713
0.738000000000001 -0.538628642598344
0.739000000000001 -0.539223734945303
0.740000000000001 -0.539802029072103
0.741000000000001 -0.540363542677335
0.742000000000001 -0.540908293960249
0.743000000000001 -0.541436301619309
0.744000000000001 -0.541947584850747
0.745000000000001 -0.542442163347097
0.746000000000001 -0.542920057295717
0.747000000000001 -0.543381287377302
0.748000000000001 -0.543825874764376
0.749000000000001 -0.544253841119777
0.750000000000001 -0.54466520859513
0.751000000000001 -0.545059999829302
0.752000000000001 -0.54543823794685
0.753000000000001 -0.545799946556451
0.754000000000001 -0.546145149749323
0.755000000000001 -0.546473872097634
0.756000000000001 -0.546786138652893
0.757000000000001 -0.547081974944337
0.758000000000001 -0.5473614069773
0.759000000000001 -0.547624461231569
0.760000000000001 -0.547871164659731
0.761000000000001 -0.548101544685508
0.762000000000001 -0.548315629202078
0.763000000000001 -0.548513446570384
0.764000000000001 -0.548695025617431
0.765000000000001 -0.548860395634575
0.766000000000001 -0.549009586375795
0.767000000000001 -0.549142628055956
0.768000000000001 -0.549259551349062
0.769000000000001 -0.549360387386489
0.770000000000001 -0.549445167755222
0.771000000000001 -0.549513924496064
0.772000000000001 -0.549566690101847
0.773000000000001 -0.549603497515619
0.774000000000001 -0.549624380128835
0.775000000000001 -0.549629371779522
0.776000000000001 -0.549618506750443
0.777000000000001 -0.549591819767247
0.778000000000001 -0.549549345996605
0.779000000000001 -0.549491121044339
0.780000000000001 -0.549417180953542
0.781000000000001 -0.549327562202682
0.782000000000001 -0.549222301703696
0.783000000000001 -0.549101436800081
0.784000000000001 -0.548965005264962
0.785000000000001 -0.548813045299163
0.786000000000001 -0.548645595529259
0.787000000000001 -0.548462695005617
0.788000000000001 -0.548264383200435
0.789000000000001 -0.548050700005762
0.790000000000001 -0.547821685731515
0.791000000000001 -0.547577381103478
0.792000000000001 -0.547317827261303
0.793000000000001 -0.547043065756489
0.794000000000001 -0.546753138550358
0.795000000000001 -0.54644808801202
0.796000000000001 -0.54612795691633
0.797000000000001 -0.545792788441831
0.798000000000001 -0.545442626168693
0.799000000000001 -0.545077514076641
0.800000000000001 -0.544697496542868
0.801000000000001 -0.544302618339951
0.802000000000001 -0.543892924633744
0.803000000000001 -0.543468460981275
0.804000000000001 -0.543029273328623
0.805000000000001 -0.542575408008793
0.806000000000001 -0.542106911739581
0.807000000000001 -0.541623831621425
0.808000000000001 -0.541126215135261
0.809000000000001 -0.540614110140351
0.810000000000001 -0.540087564872119
0.811000000000001 -0.539546627939974
0.812000000000001 -0.538991348325115
0.813000000000001 -0.538421775378346
0.814000000000002 -0.537837958817865
0.815000000000002 -0.537239948727059
0.816000000000002 -0.536627795552278
0.817000000000002 -0.536001550100614
0.818000000000002 -0.535361263537662
0.819000000000002 -0.53470698738528
0.820000000000002 -0.534038773519337
0.821000000000002 -0.533356674167453
0.822000000000002 -0.532660741906739
0.823000000000002 -0.531951029661518
0.824000000000002 -0.53122759070105
0.825000000000002 -0.530490478637239
0.826000000000002 -0.529739747422342
0.827000000000002 -0.528975451346666
0.828000000000002 -0.528197645036259
0.829000000000002 -0.527406383450595
0.830000000000002 -0.526601721880249
0.831000000000002 -0.525783715944568
0.832000000000002 -0.524952421589337
0.833000000000002 -0.524107895084432
0.834000000000002 -0.523250193021477
0.835000000000002 -0.522379372311479
0.836000000000002 -0.521495490182473
0.837000000000002 -0.52059860417715
0.838000000000002 -0.519688772150483
0.839000000000002 -0.518766052267347
0.840000000000002 -0.517830503000129
0.841000000000002 -0.516882183126336
0.842000000000002 -0.515921151726197
0.843000000000002 -0.514947468180259
0.844000000000002 -0.513961192166973
0.845000000000002 -0.51296238366028
0.846000000000002 -0.511951102927189
0.847000000000002 -0.510927410525351
0.848000000000002 -0.509891367300621
0.849000000000002 -0.508843034384627
0.850000000000002 -0.507782473192323
0.851000000000002 -0.506709745419539
0.852000000000002 -0.505624913040529
0.853000000000002 -0.504528038305516
0.854000000000002 -0.50341918373822
0.855000000000002 -0.502298412133398
0.856000000000002 -0.501165786554366
0.857000000000002 -0.500021370330525
0.858000000000002 -0.498865227054873
0.859000000000002 -0.497697420581523
0.860000000000002 -0.496518015023211
0.861000000000002 -0.495327074748797
0.862000000000002 -0.49412466438077
0.863000000000002 -0.492910848792739
0.864000000000002 -0.491685693106928
0.865000000000002 -0.490449262691663
0.866000000000002 -0.489201623158856
0.867000000000002 -0.487942840361483
0.868000000000002 -0.486672980391064
0.869000000000002 -0.485392109575133
0.870000000000002 -0.484100294474704
0.871000000000002 -0.482797601881745
0.872000000000002 -0.481484098816632
0.873000000000002 -0.480159852525608
0.874000000000002 -0.478824930478246
0.875000000000002 -0.477479400364892
0.876000000000002 -0.476123330094118
0.877000000000002 -0.474756787790171
0.878000000000002 -0.47337984179041
0.879000000000002 -0.471992560642752
0.880000000000002 -0.470595013103105
0.881000000000002 -0.469187268132805
0.882000000000002 -0.46776939489605
0.883000000000002 -0.466341462757324
0.884000000000002 -0.464903541278833
0.885000000000002 -0.463455700217921
0.886000000000002 -0.461998009524498
0.887000000000002 -0.460530539338458
0.888000000000002 -0.4590533599871
0.889000000000002 -0.457566541982543
0.890000000000002 -0.456070156019137
0.891000000000002 -0.454564272970883
0.892000000000002 -0.453048963888836
0.893000000000002 -0.451524299998519
0.894000000000002 -0.449990352697329
0.895000000000002 -0.448447193551944
0.896000000000002 -0.446894894295726
0.897000000000002 -0.445333526826123
0.898000000000002 -0.443763163202076
0.899000000000002 -0.442183875641413
0.900000000000002 -0.440595736518256
0.901000000000002 -0.438998818360412
0.902000000000002 -0.437393193846776
0.903000000000002 -0.435778935804728
0.904000000000002 -0.434156117207524
0.905000000000002 -0.432524811171696
0.906000000000002 -0.430885090954445
0.907000000000002 -0.429237029951038
0.908000000000002 -0.427580701692196
0.909000000000002 -0.425916179841492
0.910000000000002 -0.424243538192744
0.911000000000002 -0.422562850667405
0.912000000000002 -0.420874191311959
0.913000000000002 -0.419177634295314
0.914000000000002 -0.417473253906191
0.915000000000002 -0.41576112455052
0.916000000000002 -0.414041320748834
0.917000000000002 -0.41231391713366
0.918000000000002 -0.410578988446915
0.919000000000002 -0.4088366095373
0.920000000000002 -0.407086855357693
0.921000000000002 -0.405329800962548
0.922000000000002 -0.403565521505289
0.923000000000002 -0.401794092235705
0.924000000000002 -0.400015588497355
0.925000000000002 -0.398230085724959
0.926000000000002 -0.396437659441802
0.927000000000002 -0.394638385257136
0.928000000000002 -0.392832338863579
0.929000000000002 -0.391019596034521
0.930000000000002 -0.389200232621529
0.931000000000002 -0.387374324551751
0.932000000000002 -0.385541947825327
0.933000000000002 -0.383703178512796
0.934000000000002 -0.38185809275251
0.935000000000002 -0.380006766748044
0.936000000000002 -0.378149276765612
0.937000000000002 -0.376285699131484
0.938000000000002 -0.374416110229406
0.939000000000002 -0.372540586498018
0.940000000000002 -0.370659204428279
0.941000000000002 -0.368772040560893
0.942000000000002 -0.366879171483735
0.943000000000002 -0.364980673829281
0.944000000000002 -0.363076624272042
0.945000000000002 -0.361167099525999
0.946000000000002 -0.359252176342037
0.947000000000002 -0.357331931505392
0.948000000000002 -0.35540644183309
0.949000000000002 -0.353475784171394
0.950000000000002 -0.351540035393253
0.951000000000002 -0.349599272395755
0.952000000000002 -0.347653572097582
0.953000000000002 -0.345703011436469
0.954000000000002 -0.343747667366664
0.955000000000002 -0.341787616856395
0.956000000000002 -0.339822936885339
0.957000000000002 -0.337853704442093
0.958000000000002 -0.335879996521652
0.959000000000002 -0.333901890122882
0.960000000000002 -0.331919462246013
0.961000000000002 -0.329932789890117
0.962000000000002 -0.327941950050606
0.963000000000002 -0.325947019716722
0.964000000000002 -0.323948075869037
0.965000000000002 -0.321945195476959
0.966000000000002 -0.319938455496236
0.967000000000002 -0.317927932866468
0.968000000000002 -0.315913704508626
0.969000000000002 -0.313895847322567
0.970000000000002 -0.311874438184567
0.971000000000002 -0.30984955394484
0.972000000000002 -0.307821271425083
0.973000000000002 -0.305789667416008
0.974000000000002 -0.303754818674885
0.975000000000002 -0.301716801923099
0.976000000000002 -0.299675693843694
0.977000000000002 -0.297631571078936
0.978000000000002 -0.295584510227878
0.979000000000002 -0.293534587843927
0.980000000000002 -0.291481880432418
0.981000000000002 -0.289426464448196
0.982000000000002 -0.287368416293198
0.983000000000002 -0.285307812314045
0.984000000000002 -0.283244728799639
0.985000000000002 -0.281179241978763
0.986000000000002 -0.279111428017689
0.987000000000002 -0.277041363017792
0.988000000000002 -0.274969123013167
0.989000000000002 -0.272894783968256
0.990000000000002 -0.270818421775478
0.991000000000002 -0.268740112252868
0.992000000000002 -0.266659931141714
0.993000000000002 -0.264577954104215
0.994000000000002 -0.26249425672113
0.995000000000002 -0.260408914489442
0.996000000000002 -0.258322002820028
0.997000000000002 -0.256233597035331
0.998000000000002 -0.254143772367043
0.999000000000002 -0.252052603953795
1 -0.249960166838847

The data is plotted in NNplot.svg.
