0.02 0.02256
0.1 0.112462916
0.4 0.428392355
0.9 0.796908212


0 0
0.01 0.0112834155556233
0.02 0.022564574684605
0.03 0.0338412222867942
0.04 0.0451111059138231
0.05 0.0563719770920037
0.06 0.0676215926416353
0.07 0.0788577159915323
0.08 0.0900781184875888
0.09 0.101280580694203
0.1 0.112462893687391
0.11 0.123622860338435
0.12 0.134758296586918
0.13 0.145867032702002
0.14 0.156946914530847
0.15 0.167995804733043
0.16 0.179011583999989
0.17 0.189992152258125
0.18 0.200935429854989
0.19 0.211839358727047
0.2 0.222701903548297
0.21 0.233521052858662
0.22 0.244294820171195
0.23 0.255021245057173
0.24 0.26569839420816
0.25 0.27632436247415
0.26 0.286897273876944
0.27 0.297415282597912
0.28 0.307876573939362
0.29 0.318279365258737
0.3 0.328621906874903
0.31 0.33890248294582
0.32 0.349119412316931
0.33 0.359271049339629
0.34 0.369355784659194
0.35 0.379372045971622
0.36 0.389318298748841
0.37 0.399193046931771
0.38 0.40899483359081
0.39 0.418722241553285
0.4 0.4283738939975
0.41 0.437948455013021
0.42 0.447444630126877
0.43 0.456861166795414
0.44 0.466196854861551
0.45 0.475450526977238
0.46 0.484621058990953
0.47 0.493707370300113
0.48 0.502708424168304
0.49 0.511623228007285
0.5 0.520450833623746
0.51 0.529240457369359
0.52 0.537895208270875
0.53 0.546460402127144
0.54 0.554935270207361
0.55 0.563319087871057
0.56 0.571611174534455
0.57 0.579810893602089
0.58 0.5879176523641
0.59 0.595930901859692
0.6 0.603850136707248
0.61 0.611674894901641
0.62 0.619404757579313
0.63 0.627039348751733
0.64 0.634578335007845
0.65 0.6420214251862
0.66 0.649368370017437
0.67 0.656618961737849
0.68 0.663773033674764
0.69 0.670830459804529
0.7 0.677791154283859
0.71 0.6846550709554
0.72 0.691422202828305
0.73 0.698092581534704
0.74 0.704666276762916
0.75 0.711143395668305
0.76 0.717524082262663
0.77 0.723808516783054
0.78 0.729996915041029
0.79 0.73608952775315
0.8 0.74208663985377
0.81 0.747988569791027
0.820000000000001 0.753795668806988
0.830000000000001 0.759508320202938
0.840000000000001 0.765126938590745
0.850000000000001 0.770651969131295
0.860000000000001 0.776083886760953
0.870000000000001 0.781423195407013
0.880000000000001 0.786670427193117
0.890000000000001 0.791826141635584
0.900000000000001 0.796890924831621
0.910000000000001 0.801865388640364
0.920000000000001 0.806750169857686
0.930000000000001 0.811579757466097
0.940000000000001 0.816288781106077
0.950000000000001 0.820910224872189
0.960000000000001 0.825444817501523
0.970000000000001 0.829893308441038
0.980000000000001 0.834256467002215
0.990000000000001 0.838535081515758
